0.000000	-0.048164
0.001953	-0.096992
0.003906	-0.492500
0.005859	-0.971016
0.007812	-1.307930
0.009765	-1.381172
0.011719	-1.010078
0.013672	-0.775703
0.015625	-0.394844
0.017578	-0.751289
0.019531	-0.228828
0.021484	-0.775703
0.023437	0.322930
0.025390	-0.433906
0.027343	0.078789
0.029296	-0.712227
0.031250	-0.751289
0.033203	0.376641
0.035156	0.283867
0.037109	-0.126289
0.039062	-0.175117
0.041015	-0.404609
0.042968	-0.536445
0.044921	-0.399727
0.046874	0.259453
0.048827	0.132500
0.050781	-0.018867
0.052734	-0.258125
0.054687	-0.155586
0.056640	0.034844
0.058593	0.200859
0.060546	0.156914
0.062499	-0.009102
0.064452	-0.180000
0.066405	-0.531563
0.068358	0.117851
0.070312	0.352226
0.072265	0.777031
0.074218	1.133476
0.076171	1.128594
0.078124	1.089531
0.080077	0.864922
0.082030	-0.687813
0.083983	0.581719
0.085936	0.518242
0.087889	0.913750
0.089843	1.494805
0.091796	1.719414
0.093749	1.729180
0.095702	1.577812
0.097655	1.499687
0.099608	1.353203
0.101561	1.299492
0.103514	1.402031
0.105467	1.421562
0.107420	-0.370430
0.109374	-0.263008
0.111327	0.015312
0.113280	0.274101
0.115233	0.484062
0.117186	0.122734
0.119139	0.103203
0.121092	0.025078
0.123045	-0.053047
0.124998	-0.087227
0.126951	-0.009102
0.128905	0.239922
0.130858	0.523125
0.132811	0.025078
0.134764	-0.009102
0.136717	-0.126289
0.138670	-0.311836
0.140623	-0.458320
0.142576	-0.472969
0.144529	-0.311836
0.146482	-0.111641
0.148436	-0.013984
0.150389	-0.096992
0.152342	-0.219063
0.154295	-0.311836
0.156248	-0.389961
0.158201	-0.463203
0.160154	-0.502266
0.162107	-0.541328
0.164060	-0.604805
0.166013	-0.692695
0.167967	-0.746406
0.169920	-0.726875
0.171873	-0.653633
0.173826	-0.648750
0.175779	-0.731758
0.177732	-0.839180
0.179685	-0.980781
0.181638	-1.122383
0.183591	-1.102852
0.185544	-1.063789
0.187498	-0.814766
0.189451	-0.785469
0.191404	-0.790352
0.193357	0.200859
0.195310	0.010430
0.197263	-0.082344
0.199216	-0.043281
0.201169	0.039726
0.203122	-0.053047
0.205075	0.025078
0.207029	-0.048164
0.208982	-0.043281
0.210935	-0.048164
0.212888	-0.023750
0.214841	-0.028633
0.216794	-0.018867
0.218747	-0.814766
0.220700	0.034844
0.222653	0.000664
0.224606	-0.013984
0.226560	0.049492
0.228513	0.117851
0.230466	0.210625
0.232419	0.293633
0.234372	-0.004219
0.236325	0.181328
0.238278	0.249687
0.240231	0.303398
0.242184	-0.761055
0.244137	-0.726875
0.246091	-0.780586
0.248044	0.996758
0.249997	0.342461
0.251950	0.972344
0.253903	0.986992
0.255856	1.104180
0.257809	1.148125
0.259762	1.260430
0.261715	1.406914
0.263668	1.494805
0.265622	1.470391
0.267575	1.343437
0.269528	1.353203
0.271481	1.314141
0.273434	1.299492
0.275387	-0.214180
0.277340	-0.092109
0.279293	-0.053047
0.281246	-0.013984
0.283199	0.044609
0.285153	0.147148
0.287106	0.274101
0.289059	0.171562
0.291012	0.049492
0.292965	0.010430
0.294918	-0.004219
0.296871	-0.018867
0.298824	-0.028633
0.300777	0.010430
0.302730	0.078789
0.304684	0.093437
0.306637	0.073906
0.308590	-0.043281
0.310543	-0.165352
0.312496	-0.199531
0.314449	-0.253242
0.316402	-0.267891
0.318355	-0.248359
0.320308	-0.267891
0.322261	-0.375313
0.324215	-0.502266
0.326168	-0.565742
0.328121	-0.585274
0.330074	-0.585274
0.332027	-0.648750
0.333980	-0.707344
0.335933	-0.736641
0.337886	-0.805000
0.339839	-0.888008
0.341792	-0.922188
0.343746	-0.917305
0.345699	-0.892891
0.347652	-0.888008
0.349605	-0.814766
0.351558	-0.824531
0.353511	-0.824531
0.355464	-0.819649
0.357417	-1.010078
0.359370	-0.819649
0.361323	0.220391
0.363277	0.112969
0.365230	-0.238594
0.367183	-0.165352
0.369136	-0.087227
0.371089	-0.053047
0.373042	0.078789
0.374995	-0.809883
0.376948	-0.077461
0.378901	-0.018867
0.380854	-0.092109
0.382808	-0.062813
0.384761	0.064141
0.386714	0.059258
0.388667	0.054375
0.390620	0.073906
0.392573	0.083672
0.394526	0.025078
0.396479	0.127617
0.398432	0.176445
0.400385	-0.717109
0.402339	0.337578
0.404292	-0.751289
0.406245	-0.687813
0.408198	-0.770820
0.410151	0.596367
0.412104	0.503594
0.414057	0.625664
0.416010	0.532891
0.417963	0.459648
0.419916	0.801445
0.421870	1.157891
0.423823	1.157891
0.425776	1.192070
0.427729	1.226250
0.429682	1.245781
0.431635	1.245781
0.433588	1.255547
0.435541	1.245781
0.437494	1.206719
0.439447	1.148125
0.441401	1.079766
0.443354	-0.228828
0.445307	-0.136055
0.447260	-0.057930
0.449213	-0.004219
0.451166	0.054375
0.453119	0.073906
0.455072	0.078789
0.457025	0.103203
0.458978	0.137383
0.460932	0.152031
0.462885	0.156914
0.464838	0.122734
0.466791	0.083672
0.468744	0.049492
0.470697	0.005547
0.472650	-0.043281
0.474603	-0.072578
0.476556	-0.092109
0.478509	-0.126289
0.480463	-0.189766
0.482416	-0.258125
0.484369	-0.316719
0.486322	-0.350899
0.488275	-0.394844
0.490228	-0.433906
0.492181	-0.472969
0.494134	-0.526680
0.496087	-0.595039
0.498040	-0.663399
0.499994	-0.702461
0.501947	-0.707344
0.503900	-0.736641
0.505853	-0.785469
0.507806	-0.834297
0.509759	-0.868477
0.511712	-0.897774
0.513665	-0.814766
0.515618	-0.809883
0.517571	-0.892891
0.519525	-0.814766
0.521478	-0.819649
0.523431	-0.834297
0.525384	-0.917305
0.527337	-0.883125
0.529290	0.410820
0.531243	-0.751289
0.533196	-0.824531
0.535149	0.137383
0.537102	-0.302070
0.539056	0.020195
0.541009	-0.043281
0.542962	-0.077461
0.544915	-0.092109
0.546868	-0.824531
0.548821	-0.111641
0.550774	-0.106758
0.552727	-0.101875
0.554680	-0.092109
0.556633	-0.053047
0.558587	0.000664
0.560540	0.064141
0.562493	0.117851
0.564446	0.166680
0.566399	-0.751289
0.568352	-0.819649
0.570305	-0.824531
0.572258	-0.829414
0.574211	-0.834297
0.576164	0.752617
0.578118	0.669609
0.580071	0.718437
0.582024	-0.712227
0.583977	1.001641
0.585930	1.055351
0.587883	1.104180
0.589836	1.133476
0.591789	1.143242
0.593742	1.143242
0.595695	1.123711
0.597649	1.099297
0.599602	1.089531
0.601555	1.074883
0.603508	1.030937
0.605461	0.972344
0.607414	0.913750
0.609367	0.850273
0.611320	-0.160469
0.613273	-0.116524
0.615226	-0.077461
0.617180	-0.028633
0.619133	0.005547
0.621086	0.010430
0.623039	0.020195
0.624992	0.020195
0.626945	0.025078
0.628898	0.020195
0.630851	0.005547
0.632804	-0.004219
0.634757	-0.018867
0.636711	-0.048164
0.638664	-0.096992
0.640617	-0.121406
0.642570	-0.145820
0.644523	-0.175117
0.646476	-0.223945
0.648429	-0.267891
0.650382	-0.297188
0.652335	-0.341133
0.654288	-0.394844
0.656242	-0.433906
0.658195	-0.468086
0.660148	-0.502266
0.662101	-0.541328
0.664054	-0.595039
0.666007	-0.634102
0.667960	-0.673164
0.669913	-0.717109
0.671866	-0.741524
0.673819	-0.765938
0.675773	-0.780586
0.677726	-0.814766
0.679679	-0.844063
0.681632	-0.819649
0.683585	-0.834297
0.685538	-0.853828
0.687491	-0.848945
0.689444	-0.834297
0.691397	-0.805000
0.693350	-0.770820
0.695304	0.230156
0.697257	0.156914
0.699210	-0.057930
0.701163	-0.844063
0.703116	0.039726
0.705069	-0.761055
0.707022	-0.844063
0.708975	-0.077461
0.710928	-0.165352
0.712881	-0.848945
0.714835	-0.072578
0.716788	0.064141
0.718741	-0.111641
0.720694	-0.775703
0.722647	0.122734
0.724600	0.098320
0.726553	0.186211
0.728506	0.210625
0.730459	0.239922
0.732412	0.298516
0.734366	0.235039
0.736319	0.327812
0.738272	0.401055
0.740225	0.454766
0.742178	-0.155586
0.744131	0.557305
0.746084	0.601250
0.748037	0.650078
0.749990	0.708672
0.751943	0.850273
0.753897	0.884453
0.755850	0.903984
0.757803	0.928398
0.759756	0.947930
0.761709	0.938164
0.763662	0.918633
0.765615	0.899101
0.767568	0.874687
0.769521	0.835625
0.771474	0.801445
0.773428	0.762383
0.775381	0.718437
0.777334	0.669609
0.779287	0.601250
0.781240	0.176445
0.783193	-0.126289
0.785146	-0.111641
0.787099	-0.111641
0.789052	-0.101875
0.791005	-0.087227
0.792959	-0.077461
0.794912	-0.101875
0.796865	-0.116524
0.798818	-0.121406
0.800771	-0.136055
0.802724	-0.145820
0.804677	-0.170234
0.806630	-0.184883
0.808583	-0.209297
0.810536	-0.243477
0.812490	-0.277656
0.814443	-0.306953
0.816396	-0.326484
0.818349	-0.355781
0.820302	-0.389961
0.822255	-0.429024
0.824208	-0.463203
0.826161	-0.497383
0.828114	-0.536445
0.830067	-0.565742
0.832021	-0.590156
0.833974	-0.619453
0.835927	-0.658516
0.837880	-0.692695
0.839833	-0.726875
0.841786	-0.746406
0.843739	-0.770820
0.845692	-0.829414
0.847645	-0.834297
0.849598	-0.839180
0.851552	-0.780586
0.853505	-0.839180
0.855458	-0.844063
0.857411	-0.844063
0.859364	-0.761055
0.861317	-0.673164
0.863270	0.215508
0.865223	-0.780586
0.867176	0.137383
0.869129	0.117851
0.871083	0.083672
0.873036	0.064141
0.874989	-0.057930
0.876942	0.039726
0.878895	0.025078
0.880848	0.039726
0.882801	0.064141
0.884754	0.073906
0.886707	0.093437
0.888660	0.142266
0.890614	0.191094
0.892567	-0.814766
0.894520	-0.819649
0.896473	-0.829414
0.898426	0.454766
0.900379	0.493828
0.902332	0.503594
0.904285	0.552422
0.906238	0.596367
0.908191	0.625664
0.910145	0.654961
0.912098	0.654961
0.914051	0.718437
0.916004	0.742851
0.917957	0.757500
0.919910	0.777031
0.921863	0.781914
0.923816	0.781914
0.925769	0.781914
0.927722	0.757500
0.929676	0.747734
0.931629	0.737969
0.933582	0.708672
0.935535	0.674492
0.937488	0.640312
0.939441	0.601250
0.941394	0.562187
0.943347	0.513359
0.945300	0.469414
0.947253	0.425469
0.949207	0.381523
0.951160	0.322930
0.953113	0.264336
0.955066	-0.009102
0.957019	-0.072578
0.958972	-0.092109
0.960925	-0.111641
0.962878	-0.131172
0.964831	-0.150703
0.966784	-0.175117
0.968738	-0.209297
0.970691	-0.233711
0.972644	-0.248359
0.974597	-0.267891
0.976550	-0.297188
0.978503	-0.321602
0.980456	-0.346016
0.982409	-0.375313
0.984362	-0.409492
0.986315	-0.433906
0.988269	-0.458320
0.990222	-0.487617
0.992175	-0.521797
0.994128	-0.555977
0.996081	-0.590156
0.998034	-0.604805
0.999987	-0.629219
1.001940	-0.658516
1.003893	-0.678047
1.005846	-0.692695
1.007800	-0.707344
1.009753	-0.800117
1.011706	-0.746406
1.013659	-0.756172
1.015612	-0.736641
1.017565	-0.741524
1.019518	-0.721992
1.021471	-0.844063
1.023424	-0.848945
1.025377	-0.726875
1.027331	-0.853828
1.029284	-0.204414
1.031237	0.108086
1.033190	-0.805000
1.035143	-0.116524
1.037096	-0.819649
1.039049	-0.853828
1.041002	0.098320
1.042955	-0.780586
1.044908	-0.844063
1.046862	-0.853828
1.048815	-0.858711
1.050768	-0.858711
1.052721	-0.858711
1.054674	-0.863594
1.056627	0.029961
1.058580	0.191094
1.060533	-0.844063
1.062486	-0.277656
1.064439	0.513359
1.066393	0.586601
1.068346	0.586601
1.070299	0.288750
1.072252	0.430351
1.074205	0.596367
1.076158	0.571953
1.078111	0.528008
1.080064	0.537773
1.082017	0.518242
1.083970	0.518242
1.085924	0.518242
1.087877	0.508476
1.089830	0.488945
1.091783	0.503594
1.093736	0.479180
1.095689	0.454766
1.097642	0.440117
1.099595	0.410820
1.101548	0.391289
1.103501	0.371758
1.105455	0.347344
1.107408	0.318047
1.109361	0.278984
1.111314	0.254570
1.113267	0.230156
1.115220	0.195976
1.117173	0.161797
1.119126	0.132500
1.121079	0.098320
1.123032	0.064141
1.124986	0.020195
1.126939	-0.009102
1.128892	-0.038399
1.130845	-0.072578
1.132798	-0.106758
1.134751	-0.145820
1.136704	-0.160469
1.138657	-0.214180
1.140610	-0.248359
1.142563	-0.287422
1.144517	-0.316719
1.146470	-0.341133
1.148423	-0.375313
1.150376	-0.414375
1.152329	-0.443672
1.154282	-0.482734
1.156235	-0.512031
1.158188	-0.541328
1.160141	-0.570625
1.162094	-0.595039
1.164048	-0.619453
1.166001	-0.653633
1.167954	-0.673164
1.169907	-0.687813
1.171860	-0.697578
1.173813	-0.712227
1.175766	-0.741524
1.177719	-0.746406
1.179672	-0.848945
1.181625	-0.731758
1.183579	-0.721992
1.185532	-0.702461
1.187485	-0.653633
1.189438	-0.829414
1.191391	-0.819649
1.193344	-0.746406
1.195297	-0.809883
1.197250	-0.272774
1.199203	0.054375
1.201156	0.064141
1.203110	0.108086
1.205063	0.112969
1.207016	0.117851
1.208969	0.137383
1.210922	0.156914
1.212875	0.156914
1.214828	0.161797
1.216781	0.235039
1.218734	0.264336
1.220687	0.283867
1.222641	0.303398
1.224594	0.342461
1.226547	0.327812
1.228500	0.298516
1.230453	-0.306953
1.232406	-0.316719
1.234359	-0.477852
1.236312	-0.297188
1.238265	0.586601
1.240218	0.576836
1.242172	0.606133
1.244125	0.615898
1.246078	0.635430
1.248031	0.640312
1.249984	0.615898
1.251937	0.611016
1.253890	0.591484
1.255843	0.576836
1.257796	0.547539
1.259749	0.528008
1.261703	0.508476
1.263656	0.479180
1.265609	0.459648
1.267562	0.430351
1.269515	0.401055
1.271468	0.371758
1.273421	0.342461
1.275374	0.313164
1.277327	0.283867
1.279280	0.254570
1.281234	0.220391
1.283187	0.181328
1.285140	0.171562
1.287093	0.127617
1.289046	0.103203
1.290999	0.054375
1.292952	0.020195
1.294905	-0.004219
1.296858	-0.043281
1.298811	-0.082344
1.300765	-0.116524
1.302718	-0.150703
1.304671	-0.175117
1.306624	-0.209297
1.308577	-0.243477
1.310530	-0.282539
1.312483	-0.316719
1.314436	-0.355781
1.316389	-0.385078
1.318342	-0.414375
1.320296	-0.443672
1.322249	-0.477852
1.324202	-0.512031
1.326155	-0.541328
1.328108	-0.565742
1.330061	-0.585274
1.332014	-0.609688
1.333967	-0.624336
1.335920	-0.638984
1.337873	-0.638984
1.339827	-0.663399
1.341780	-0.668281
1.343733	-0.668281
1.345686	-0.663399
1.347639	-0.648750
1.349592	-0.678047
1.351545	-0.653633
1.353498	-0.829414
1.355451	-0.819649
1.357404	-0.853828
1.359358	-0.555977
1.361311	-0.829414
1.363264	-0.443672
1.365217	-0.853828
1.367170	-0.468086
1.369123	-0.863594
1.371076	-0.873359
1.373029	0.054375
1.374982	0.093437
1.376935	0.132500
1.378889	-0.848945
1.380842	0.103203
1.382795	-0.858711
1.384748	0.327812
1.386701	0.371758
1.388654	0.415703
1.390607	0.435234
1.392560	0.449883
1.394513	0.474297
1.396466	0.298516
1.398420	-0.013984
1.400373	0.127617
1.402326	0.415703
1.404279	0.342461
1.406232	0.557305
1.408185	0.571953
1.410138	0.567070
1.412091	0.562187
1.414044	0.547539
1.415997	0.542656
1.417951	0.523125
1.419904	0.518242
1.421857	0.498711
1.423810	0.484062
1.425763	0.464531
1.427716	0.445000
1.429669	0.415703
1.431622	0.391289
1.433575	0.371758
1.435528	0.352226
1.437482	0.327812
1.439435	0.293633
1.441388	0.274101
1.443341	0.254570
1.445294	0.230156
1.447247	0.205742
1.449200	0.176445
1.451153	0.152031
1.453106	0.122734
1.455059	0.093437
1.457013	0.059258
1.458966	0.039726
1.460919	0.010430
1.462872	-0.023750
1.464825	-0.057930
1.466778	-0.082344
1.468731	-0.116524
1.470684	-0.150703
1.472637	-0.184883
1.474590	-0.219063
1.476544	-0.253242
1.478497	-0.282539
1.480450	-0.321602
1.482403	-0.350899
1.484356	-0.380195
1.486309	-0.389961
1.488262	-0.438789
1.490215	-0.463203
1.492168	-0.497383
1.494121	-0.521797
1.496075	-0.536445
1.498028	-0.560859
1.499981	-0.575508
1.501934	-0.580391
1.503887	-0.595039
1.505840	-0.741524
1.507793	-0.805000
1.509746	-0.624336
1.511699	-0.614570
1.513652	-0.590156
1.515606	-0.595039
1.517559	-0.551094
1.519512	-0.472969
1.521465	-0.443672
1.523418	-0.414375
1.525371	-0.770820
1.527324	-0.404609
1.529277	-0.277656
1.531230	-0.233711
1.533183	-0.853828
1.535137	-0.106758
1.537090	-0.087227
1.539043	-0.848945
1.540996	-0.233711
1.542949	0.147148
1.544902	-0.805000
1.546855	-0.839180
1.548808	0.288750
1.550761	0.230156
1.552714	-0.853828
1.554668	0.435234
1.556621	0.498711
1.558574	0.269219
1.560527	0.381523
1.562480	0.274101
1.564433	0.278984
1.566386	0.445000
1.568339	0.493828
1.570292	0.479180
1.572245	0.493828
1.574199	0.488945
1.576152	0.484062
1.578105	0.469414
1.580058	0.449883
1.582011	0.440117
1.583964	0.425469
1.585917	0.415703
1.587870	0.391289
1.589823	0.386406
1.591776	0.366875
1.593730	0.352226
1.595683	0.337578
1.597636	0.318047
1.599589	0.298516
1.601542	0.288750
1.603495	0.264336
1.605448	0.244805
1.607401	0.230156
1.609354	0.215508
1.611307	0.191094
1.613261	0.171562
1.615214	0.147148
1.617167	0.127617
1.619120	0.108086
1.621073	0.083672
1.623026	0.054375
1.624979	0.034844
1.626932	0.005547
1.628885	-0.023750
1.630838	-0.048164
1.632792	-0.067695
1.634745	-0.106758
1.636698	-0.136055
1.638651	-0.170234
1.640604	-0.199531
1.642557	-0.228828
1.644510	-0.258125
1.646463	-0.292305
1.648416	-0.316719
1.650369	-0.346016
1.652323	-0.375313
1.654276	-0.409492
1.656229	-0.433906
1.658182	-0.448555
1.660135	-0.468086
1.662088	-0.487617
1.664041	-0.502266
1.665994	-0.507149
1.667947	-0.516914
1.669900	-0.521797
1.671854	-0.521797
1.673807	-0.512031
1.675760	-0.516914
1.677713	-0.502266
1.679666	-0.599922
1.681619	-0.492500
1.683572	-0.429024
1.685525	-0.375313
1.687478	-0.370430
1.689431	-0.570625
1.691385	-0.292305
1.693338	-0.253242
1.695291	-0.829414
1.697244	-0.184883
1.699197	-0.096992
1.701150	-0.067695
1.703103	-0.829414
1.705056	0.044609
1.707009	0.069023
1.708962	0.103203
1.710916	0.142266
1.712869	0.186211
1.714822	0.210625
1.716775	0.069023
1.718728	0.274101
1.720681	0.298516
1.722634	0.161797
1.724587	0.195976
1.726540	0.210625
1.728493	0.191094
1.730447	0.254570
1.732400	0.405937
1.734353	0.220391
1.736306	0.239922
1.738259	0.415703
1.740212	0.435234
1.742165	0.430351
1.744118	0.430351
1.746071	0.420586
1.748024	0.410820
1.749978	0.405937
1.751931	0.396172
1.753884	0.386406
1.755837	0.371758
1.757790	0.357109
1.759743	0.342461
1.761696	0.327812
1.763649	0.313164
1.765602	0.298516
1.767555	0.288750
1.769509	0.269219
1.771462	0.254570
1.773415	0.235039
1.775368	0.220391
1.777321	0.200859
1.779274	0.181328
1.781227	0.156914
1.783180	0.132500
1.785133	0.112969
1.787086	0.088555
1.789040	0.069023
1.790993	0.039726
1.792946	0.005547
1.794899	-0.018867
1.796852	-0.043281
1.798805	-0.072578
1.800758	-0.106758
1.802711	-0.131172
1.804664	-0.160469
1.806617	-0.189766
1.808571	-0.219063
1.810524	-0.248359
1.812477	-0.277656
1.814430	-0.302070
1.816383	-0.326484
1.818336	-0.355781
1.820289	-0.380195
1.822242	-0.399727
1.824195	-0.419258
1.826148	-0.433906
1.828102	-0.443672
1.830055	-0.453438
1.832008	-0.458320
1.833961	-0.458320
1.835914	-0.458320
1.837867	-0.463203
1.839820	-0.609688
1.841773	-0.448555
1.843726	-0.502266
1.845679	-0.492500
1.847633	-0.365547
1.849586	-0.555977
1.851539	-0.673164
1.853492	-0.277656
1.855445	-0.258125
1.857398	-0.223945
1.859351	-0.189766
1.861304	-0.140938
1.863257	-0.111641
1.865210	-0.077461
1.867164	-0.038399
1.869117	-0.004219
1.871070	0.039726
1.873023	-0.775703
1.874976	0.103203
1.876929	0.147148
1.878882	0.093437
1.880835	0.171562
1.882788	0.225273
1.884741	0.235039
1.886695	0.147148
1.888648	0.254570
1.890601	0.147148
1.892554	0.088555
1.894507	0.249687
1.896460	0.103203
1.898413	-0.311836
1.900366	0.366875
1.902319	0.381523
1.904272	0.381523
1.906226	0.376641
1.908179	0.318047
1.910132	0.357109
1.912085	0.361992
1.914038	0.361992
1.915991	0.357109
1.917944	0.347344
1.919897	0.337578
1.921850	0.327812
1.923803	0.322930
1.925757	0.313164
1.927710	0.298516
1.929663	0.288750
1.931616	0.274101
1.933569	0.264336
1.935522	0.249687
1.937475	0.239922
1.939428	0.220391
1.941381	0.220391
1.943334	0.181328
1.945288	0.161797
1.947241	0.147148
1.949194	0.122734
1.951147	0.098320
1.953100	0.078789
1.955053	0.054375
1.957006	0.029961
1.958959	0.005547
1.960912	-0.023750
1.962865	-0.053047
1.964819	-0.082344
1.966772	-0.106758
1.968725	-0.140938
1.970678	-0.165352
1.972631	-0.189766
1.974584	-0.219063
1.976537	-0.243477
1.978490	-0.267891
1.980443	-0.287422
1.982396	-0.311836
1.984350	-0.336250
1.986303	-0.350899
1.988256	-0.370430
1.990209	-0.380195
1.992162	-0.389961
1.994115	-0.394844
1.996068	-0.404609
1.998021	-0.424141
1.999974	-0.404609
2.001927	-0.404609
2.003881	-0.394844
2.005834	-0.375313
2.007787	-0.370430
2.009740	-0.350899
2.011693	-0.331367
2.013646	-0.555977
2.015599	-0.331367
2.017552	-0.267891
2.019505	-0.263008
2.021458	-0.233711
2.023412	-0.175117
2.025365	-0.145820
2.027318	-0.126289
2.029271	-0.082344
2.031224	-0.048164
2.033177	-0.018867
2.035130	0.005547
2.037083	0.034844
2.039036	0.059258
2.040989	0.083672
2.042943	0.108086
2.044896	0.122734
2.046849	0.147148
2.048802	0.176445
2.050755	0.195976
2.052708	0.205742
2.054661	0.225273
2.056614	0.239922
2.058567	0.220391
2.060520	0.239922
2.062474	0.269219
2.064427	0.191094
2.066380	0.298516
2.068333	0.278984
2.070286	0.288750
2.072239	0.288750
2.074192	0.288750
2.076145	0.274101
2.078098	0.318047
2.080051	0.332695
2.082005	0.308281
2.083958	0.303398
2.085911	0.298516
2.087864	0.288750
2.089817	0.288750
2.091770	0.278984
2.093723	0.274101
2.095676	0.264336
2.097629	0.254570
2.099582	0.235039
2.101536	0.220391
2.103489	0.205742
2.105442	0.195976
2.107395	0.186211
2.109348	0.171562
2.111301	0.152031
2.113254	0.132500
2.115207	0.098320
2.117160	0.078789
2.119113	0.059258
2.121067	0.029961
2.123020	0.010430
2.124973	-0.013984
2.126926	-0.038399
2.128879	-0.067695
2.130832	-0.096992
2.132785	-0.121406
2.134738	-0.145820
2.136691	-0.170234
2.138644	-0.184883
2.140598	-0.219063
2.142551	-0.243477
2.144504	-0.258125
2.146457	-0.282539
2.148410	-0.297188
2.150363	-0.316719
2.152316	-0.331367
2.154269	-0.336250
2.156222	-0.341133
2.158175	-0.341133
2.160129	-0.311836
2.162082	-0.306953
2.164035	-0.306953
2.165988	-0.302070
2.167941	-0.297188
2.169894	-0.326484
2.171847	-0.267891
2.173800	-0.302070
2.175753	-0.253242
2.177706	-0.267891
2.179660	-0.204414
2.181613	-0.184883
2.183566	-0.302070
2.185519	-0.214180
2.187472	-0.145820
2.189425	-0.082344
2.191378	-0.057930
2.193331	-0.038399
2.195284	-0.018867
2.197237	0.015312
2.199191	0.029961
2.201144	0.049492
2.203097	0.078789
2.205050	0.093437
2.207003	0.108086
2.208956	0.132500
2.210909	0.122734
2.212862	0.029961
2.214815	0.029961
2.216768	0.191094
2.218722	0.210625
2.220675	0.225273
2.222628	0.220391
2.224581	0.230156
2.226534	0.254570
2.228487	0.269219
2.230440	0.278984
2.232393	0.259453
2.234346	0.283867
2.236299	0.288750
2.238253	0.293633
2.240206	0.293633
2.242159	0.298516
2.244112	0.308281
2.246065	0.308281
2.248018	0.313164
2.249971	0.308281
2.251924	0.303398
2.253877	0.298516
2.255830	0.298516
2.257784	0.293633
2.259737	0.288750
2.261690	0.283867
2.263643	0.274101
2.265596	0.259453
2.267549	0.249687
2.269502	0.239922
2.271455	0.225273
2.273408	0.205742
2.275361	0.191094
2.277315	0.166680
2.279268	0.152031
2.281221	0.127617
2.283174	0.112969
2.285127	0.088555
2.287080	0.064141
2.289033	0.029961
2.290986	0.010430
2.292939	-0.013984
2.294892	-0.033516
2.296846	-0.053047
2.298799	-0.082344
2.300752	-0.101875
2.302705	-0.121406
2.304658	-0.145820
2.306611	-0.165352
2.308564	-0.184883
2.310517	-0.204414
2.312470	-0.223945
2.314423	-0.228828
2.316377	-0.238594
2.318330	-0.243477
2.320283	-0.248359
2.322236	-0.263008
2.324189	-0.263008
2.326142	-0.263008
2.328095	-0.253242
2.330048	-0.248359
2.332001	-0.243477
2.333954	-0.233711
2.335908	-0.219063
2.337861	-0.214180
2.339814	-0.209297
2.341767	-0.189766
2.343720	-0.194649
2.345673	-0.160469
2.347626	-0.126289
2.349579	-0.111641
2.351532	-0.267891
2.353485	-0.077461
2.355439	-0.297188
2.357392	-0.277656
2.359345	-0.033516
2.361298	-0.077461
2.363251	-0.126289
2.365204	-0.028633
2.367157	-0.033516
2.369110	0.088555
2.371063	0.098320
2.373016	0.112969
2.374970	0.122734
2.376923	0.142266
2.378876	0.152031
2.380829	0.176445
2.382782	0.171562
2.384735	0.195976
2.386688	0.200859
2.388641	0.191094
2.390594	0.205742
2.392547	0.215508
2.394501	0.230156
2.396454	0.235039
2.398407	0.186211
2.400360	-0.253242
2.402313	0.210625
2.404266	0.210625
2.406219	0.283867
2.408172	0.308281
2.410125	0.293633
2.412078	0.278984
2.414032	0.283867
2.415985	0.288750
2.417938	0.303398
2.419891	0.293633
2.421844	0.288750
2.423797	0.278984
2.425750	0.269219
2.427703	0.259453
2.429656	0.235039
2.431609	0.220391
2.433563	0.210625
2.435516	0.200859
2.437469	0.181328
2.439422	0.166680
2.441375	0.152031
2.443328	0.127617
2.445281	0.108086
2.447234	0.093437
2.449187	0.073906
2.451140	0.049492
2.453094	0.034844
2.455047	0.005547
2.457000	-0.013984
2.458953	-0.033516
2.460906	-0.057930
2.462859	-0.077461
2.464812	-0.092109
2.466765	-0.111641
2.468718	-0.131172
2.470671	-0.145820
2.472625	-0.160469
2.474578	-0.175117
2.476531	-0.180000
2.478484	-0.189766
2.480437	-0.199531
2.482390	-0.204414
2.484343	-0.204414
2.486296	-0.209297
2.488249	-0.209297
2.490202	-0.209297
2.492156	-0.204414
2.494109	-0.199531
2.496062	-0.194649
2.498015	-0.189766
2.499968	-0.184883
2.501921	-0.175117
2.503874	-0.160469
2.505827	-0.150703
2.507780	-0.140938
2.509733	-0.121406
2.511687	-0.111641
2.513640	-0.101875
2.515593	-0.111641
2.517546	-0.062813
2.519499	-0.048164
2.521452	-0.033516
2.523405	-0.013984
2.525358	-0.004219
2.527311	0.005547
2.529264	0.025078
2.531218	0.039726
2.533171	0.054375
2.535124	0.064141
2.537077	0.078789
2.539030	0.083672
2.540983	0.098320
2.542936	0.112969
2.544889	0.127617
2.546842	0.137383
2.548795	0.147148
2.550749	0.152031
2.552702	0.147148
2.554655	0.166680
2.556608	0.176445
2.558561	0.191094
2.560514	0.205742
2.562467	0.220391
2.564420	0.225273
2.566373	0.235039
2.568326	0.239922
2.570280	0.244805
2.572233	0.249687
2.574186	0.254570
2.576139	0.254570
2.578092	0.259453
2.580045	0.259453
2.581998	0.254570
2.583951	0.254570
2.585904	0.254570
2.587857	0.244805
2.589811	0.244805
2.591764	0.210625
2.593717	0.200859
2.595670	0.191094
2.597623	0.176445
2.599576	0.166680
2.601529	0.147148
2.603482	0.132500
2.605435	0.112969
2.607388	0.112969
2.609342	0.073906
2.611295	0.054375
2.613248	0.034844
2.615201	0.020195
2.617154	-0.004219
2.619107	-0.018867
2.621060	-0.038399
2.623013	-0.057930
2.624966	-0.077461
2.626919	-0.092109
2.628873	-0.116524
2.630826	-0.126289
2.632779	-0.136055
2.634732	-0.155586
2.636685	-0.170234
2.638638	-0.180000
2.640591	-0.189766
2.642544	-0.189766
2.644497	-0.194649
2.646450	-0.199531
2.648404	-0.199531
2.650357	-0.204414
2.652310	-0.204414
2.654263	-0.204414
2.656216	-0.194649
2.658169	-0.189766
2.660122	-0.189766
2.662075	-0.184883
2.664028	-0.175117
2.665981	-0.170234
2.667935	-0.160469
2.669888	-0.150703
2.671841	-0.140938
2.673794	-0.136055
2.675747	-0.126289
2.677700	-0.106758
2.679653	-0.101875
2.681606	-0.087227
2.683559	-0.072578
2.685512	-0.062813
2.687466	-0.053047
2.689419	-0.038399
2.691372	-0.018867
2.693325	-0.018867
2.695278	-0.013984
2.697231	0.005547
2.699184	0.015312
2.701137	0.025078
2.703090	0.039726
2.705043	0.049492
2.706997	0.054375
2.708950	0.069023
2.710903	0.088555
2.712856	0.093437
2.714809	0.103203
2.716762	0.112969
2.718715	0.112969
2.720668	0.127617
2.722621	0.142266
2.724574	0.152031
2.726528	0.161797
2.728481	0.166680
2.730434	0.181328
2.732387	0.191094
2.734340	0.200859
2.736293	0.205742
2.738246	0.210625
2.740199	0.215508
2.742152	0.215508
2.744105	0.210625
2.746059	0.215508
2.748012	0.215508
2.749965	0.210625
2.751918	0.200859
2.753871	0.195976
2.755824	0.186211
2.757777	0.181328
2.759730	0.176445
2.761683	0.156914
2.763636	0.147148
2.765590	0.132500
2.767543	0.137383
2.769496	0.103203
2.771449	0.088555
2.773402	0.073906
2.775355	0.054375
2.777308	0.034844
2.779261	0.020195
2.781214	0.010430
2.783167	-0.009102
2.785121	-0.018867
2.787074	-0.038399
2.789027	-0.053047
2.790980	-0.067695
2.792933	-0.087227
2.794886	-0.101875
2.796839	-0.111641
2.798792	-0.121406
2.800745	-0.131172
2.802698	-0.140938
2.804652	-0.145820
2.806605	-0.155586
2.808558	-0.160469
2.810511	-0.150703
2.812464	-0.155586
2.814417	-0.155586
2.816370	-0.160469
2.818323	-0.160469
2.820276	-0.160469
2.822229	-0.160469
2.824183	-0.155586
2.826136	-0.145820
2.828089	-0.140938
2.830042	-0.136055
2.831995	-0.126289
2.833948	-0.131172
2.835901	-0.116524
2.837854	-0.111641
2.839807	-0.101875
2.841760	-0.096992
2.843714	-0.087227
2.845667	-0.082344
2.847620	-0.072578
2.849573	-0.062813
2.851526	-0.053047
2.853479	-0.043281
2.855432	-0.038399
2.857385	-0.033516
2.859338	-0.023750
2.861291	-0.013984
2.863245	-0.004219
2.865198	0.010430
2.867151	0.020195
2.869104	0.029961
2.871057	0.039726
2.873010	0.044609
2.874963	0.054375
2.876916	0.064141
2.878869	0.078789
2.880822	0.088555
2.882776	0.098320
2.884729	0.112969
2.886682	0.117851
2.888635	0.127617
2.890588	0.137383
2.892541	0.147148
2.894494	0.156914
2.896447	0.161797
2.898400	0.171562
2.900353	0.176445
2.902307	0.181328
2.904260	0.181328
2.906213	0.181328
2.908166	0.186211
2.910119	0.186211
2.912072	0.181328
2.914025	0.176445
2.915978	0.176445
2.917931	0.171562
2.919884	0.152031
2.921838	0.156914
2.923791	0.147148
2.925744	0.137383
2.927697	0.132500
2.929650	0.112969
2.931603	0.098320
2.933556	0.093437
2.935509	0.083672
2.937462	0.064141
2.939415	0.049492
2.941369	0.034844
2.943322	0.020195
2.945275	0.010430
2.947228	-0.004219
2.949181	-0.018867
2.951134	-0.028633
2.953087	-0.038399
2.955040	-0.057930
2.956993	-0.067695
2.958946	-0.077461
2.960900	-0.092109
2.962853	-0.096992
2.964806	-0.101875
2.966759	-0.111641
2.968712	-0.111641
2.970665	-0.121406
2.972618	-0.126289
2.974571	-0.116524
2.976524	-0.140938
2.978477	-0.136055
2.980431	-0.136055
2.982384	-0.136055
2.984337	-0.131172
2.986290	-0.126289
2.988243	-0.126289
2.990196	-0.126289
2.992149	-0.126289
2.994102	-0.116524
2.996055	-0.111641
2.998008	-0.111641
2.999962	-0.106758
3.001915	-0.101875
3.003868	-0.092109
3.005821	-0.087227
3.007774	-0.087227
3.009727	-0.082344
3.011680	-0.072578
3.013633	-0.067695
3.015586	-0.072578
3.017539	-0.057930
3.019493	-0.043281
3.021446	-0.038399
3.023399	-0.033516
3.025352	-0.023750
3.027305	-0.018867
3.029258	-0.004219
3.031211	0.005547
3.033164	0.015312
3.035117	0.020195
3.037070	0.039726
3.039024	0.044609
3.040977	0.054375
3.042930	0.064141
3.044883	0.073906
3.046836	0.083672
3.048789	0.088555
3.050742	0.093437
3.052695	0.108086
3.054648	0.117851
3.056601	0.117851
3.058555	0.127617
3.060508	0.132500
3.062461	0.137383
3.064414	0.142266
3.066367	0.147148
3.068320	0.152031
3.070273	0.156914
3.072226	0.156914
3.074179	0.166680
3.076132	0.156914
3.078086	0.156914
3.080039	0.142266
3.081992	0.137383
3.083945	0.137383
3.085898	0.132500
3.087851	0.122734
3.089804	0.112969
3.091757	0.108086
3.093710	0.093437
3.095663	0.088555
3.097617	0.069023
3.099570	0.059258
3.101523	0.044609
3.103476	0.034844
3.105429	0.025078
3.107382	0.010430
3.109335	0.000664
3.111288	-0.013984
3.113241	-0.023750
3.115194	-0.033516
3.117148	-0.043281
3.119101	-0.053047
3.121054	-0.057930
3.123007	-0.072578
3.124960	-0.077461
3.126913	-0.082344
3.128866	-0.072578
3.130819	-0.096992
3.132772	-0.101875
3.134725	-0.101875
3.136679	-0.101875
3.138632	-0.111641
3.140585	-0.111641
3.142538	-0.116524
3.144491	-0.111641
3.146444	-0.116524
3.148397	-0.111641
3.150350	-0.116524
3.152303	-0.111641
3.154256	-0.116524
3.156210	-0.111641
3.158163	-0.111641
3.160116	-0.106758
3.162069	-0.111641
3.164022	-0.106758
3.165975	-0.096992
3.167928	-0.096992
3.169881	-0.082344
3.171834	-0.087227
3.173787	-0.077461
3.175741	-0.072578
3.177694	-0.072578
3.179647	-0.067695
3.181600	-0.057930
3.183553	-0.048164
3.185506	-0.048164
3.187459	-0.038399
3.189412	-0.028633
3.191365	-0.023750
3.193318	-0.013984
3.195272	-0.009102
3.197225	0.000664
3.199178	0.010430
3.201131	0.020195
3.203084	0.029961
3.205037	0.034844
3.206990	0.049492
3.208943	0.059258
3.210896	0.069023
3.212849	0.078789
3.214803	0.083672
3.216756	0.098320
3.218709	0.103203
3.220662	0.108086
3.222615	0.117851
3.224568	0.127617
3.226521	0.127617
3.228474	0.132500
3.230427	0.132500
3.232380	0.132500
3.234334	0.132500
3.236287	0.137383
3.238240	0.132500
3.240193	0.137383
3.242146	0.132500
3.244099	0.127617
3.246052	0.122734
3.248005	0.112969
3.249958	0.108086
3.251911	0.098320
3.253865	0.093437
3.255818	0.083672
3.257771	0.073906
3.259724	0.069023
3.261677	0.054375
3.263630	0.044609
3.265583	0.034844
3.267536	0.029961
3.269489	0.020195
3.271442	0.005547
3.273396	0.000664
3.275349	-0.004219
3.277302	-0.013984
3.279255	-0.023750
3.281208	-0.028633
3.283161	-0.033516
3.285114	-0.038399
3.287067	-0.048164
3.289020	-0.057930
3.290973	-0.067695
3.292927	-0.072578
3.294880	-0.067695
3.296833	-0.077461
3.298786	-0.077461
3.300739	-0.082344
3.302692	-0.092109
3.304645	-0.092109
3.306598	-0.092109
3.308551	-0.092109
3.310504	-0.092109
3.312458	-0.096992
3.314411	-0.096992
3.316364	-0.092109
3.318317	-0.096992
3.320270	-0.092109
3.322223	-0.096992
3.324176	-0.092109
3.326129	-0.092109
3.328082	-0.082344
3.330035	-0.087227
3.331989	-0.082344
3.333942	-0.082344
3.335895	-0.077461
3.337848	-0.072578
3.339801	-0.072578
3.341754	-0.067695
3.343707	-0.072578
3.345660	-0.067695
3.347613	-0.057930
3.349566	-0.048164
3.351520	-0.038399
3.353473	-0.038399
3.355426	-0.028633
3.357379	-0.023750
3.359332	-0.018867
3.361285	-0.013984
3.363238	0.000664
3.365191	0.015312
3.367144	0.020195
3.369097	0.029961
3.371051	0.039726
3.373004	0.054375
3.374957	0.064141
3.376910	0.069023
3.378863	0.078789
3.380816	0.088555
3.382769	0.093437
3.384722	0.098320
3.386675	0.103203
3.388628	0.108086
3.390582	0.112969
3.392535	0.117851
3.394488	0.117851
3.396441	0.122734
3.398394	0.122734
3.400347	0.122734
3.402300	0.117851
3.404253	0.117851
3.406206	0.108086
3.408159	0.108086
3.410113	0.108086
3.412066	0.098320
3.414019	0.093437
3.415972	0.093437
3.417925	0.083672
3.419878	0.073906
3.421831	0.069023
3.423784	0.064141
3.425737	0.054375
3.427690	0.049492
3.429644	0.039726
3.431597	0.034844
3.433550	0.025078
3.435503	0.015312
3.437456	0.005547
3.439409	0.005547
3.441362	0.000664
3.443315	-0.009102
3.445268	-0.013984
3.447221	-0.023750
3.449175	-0.028633
3.451128	-0.033516
3.453081	-0.038399
3.455034	-0.043281
3.456987	-0.048164
3.458940	-0.053047
3.460893	-0.057930
3.462846	-0.062813
3.464799	-0.062813
3.466752	-0.067695
3.468706	-0.067695
3.470659	-0.067695
3.472612	-0.067695
3.474565	-0.077461
3.476518	-0.077461
3.478471	-0.082344
3.480424	-0.082344
3.482377	-0.087227
3.484330	-0.092109
3.486283	-0.087227
3.488237	-0.082344
3.490190	-0.087227
3.492143	-0.087227
3.494096	-0.077461
3.496049	-0.082344
3.498002	-0.077461
3.499955	-0.072578
3.501908	-0.072578
3.503861	-0.067695
3.505814	-0.067695
3.507768	-0.062813
3.509721	-0.057930
3.511674	-0.053047
3.513627	-0.043281
3.515580	-0.033516
3.517533	-0.028633
3.519486	-0.023750
3.521439	-0.013984
3.523392	-0.009102
3.525345	-0.004219
3.527299	0.010430
3.529252	0.020195
3.531205	0.025078
3.533158	0.034844
3.535111	0.044609
3.537064	0.049492
3.539017	0.059258
3.540970	0.064141
3.542923	0.069023
3.544876	0.073906
3.546830	0.083672
3.548783	0.093437
3.550736	0.093437
3.552689	0.103203
3.554642	0.103203
3.556595	0.108086
3.558548	0.108086
3.560501	0.108086
3.562454	0.112969
3.564407	0.108086
3.566361	0.103203
3.568314	0.103203
3.570267	0.103203
3.572220	0.098320
3.574173	0.093437
3.576126	0.088555
3.578079	0.088555
3.580032	0.083672
3.581985	0.073906
3.583938	0.069023
3.585892	0.064141
3.587845	0.059258
3.589798	0.049492
3.591751	0.044609
3.593704	0.034844
3.595657	0.034844
3.597610	0.029961
3.599563	0.025078
3.601516	0.015312
3.603469	0.015312
3.605423	0.005547
3.607376	0.005547
3.609329	-0.004219
3.611282	-0.009102
3.613235	-0.013984
3.615188	-0.018867
3.617141	-0.028633
3.619094	-0.028633
3.621047	-0.033516
3.623000	-0.033516
3.624954	-0.038399
3.626907	-0.043281
3.628860	-0.043281
3.630813	-0.048164
3.632766	-0.053047
3.634719	-0.057930
3.636672	-0.062813
3.638625	-0.067695
3.640578	-0.067695
3.642531	-0.067695
3.644485	-0.067695
3.646438	-0.067695
3.648391	-0.072578
3.650344	-0.072578
3.652297	-0.072578
3.654250	-0.077461
3.656203	-0.077461
3.658156	-0.077461
3.660109	-0.072578
3.662062	-0.067695
3.664016	-0.067695
3.665969	-0.067695
3.667922	-0.062813
3.669875	-0.057930
3.671828	-0.053047
3.673781	-0.048164
3.675734	-0.043281
3.677687	-0.038399
3.679640	-0.033516
3.681593	-0.028633
3.683547	-0.018867
3.685500	-0.013984
3.687453	-0.004219
3.689406	0.005547
3.691359	0.010430
3.693312	0.020195
3.695265	0.025078
3.697218	0.034844
3.699171	0.039726
3.701124	0.044609
3.703078	0.054375
3.705031	0.064141
3.706984	0.069023
3.708937	0.073906
3.710890	0.073906
3.712843	0.083672
3.714796	0.083672
3.716749	0.088555
3.718702	0.083672
3.720655	0.088555
3.722609	0.088555
3.724562	0.093437
3.726515	0.093437
3.728468	0.093437
3.730421	0.088555
3.732374	0.083672
3.734327	0.083672
3.736280	0.083672
3.738233	0.083672
3.740186	0.078789
3.742140	0.073906
3.744093	0.069023
3.746046	0.069023
3.747999	0.064141
3.749952	0.054375
3.751905	0.049492
3.753858	0.049492
3.755811	0.044609
3.757764	0.039726
3.759717	0.034844
3.761671	0.034844
3.763624	0.029961
3.765577	0.025078
3.767530	0.020195
3.769483	0.015312
3.771436	0.010430
3.773389	0.005547
3.775342	0.005547
3.777295	0.000664
3.779248	0.000664
3.781202	-0.009102
3.783155	-0.009102
3.785108	-0.013984
3.787061	-0.018867
3.789014	-0.028633
3.790967	-0.033516
3.792920	-0.033516
3.794873	-0.043281
3.796826	-0.048164
3.798779	-0.048164
3.800733	-0.053047
3.802686	-0.053047
3.804639	-0.057930
3.806592	-0.062813
3.808545	-0.062813
3.810498	-0.062813
3.812451	-0.067695
3.814404	-0.067695
3.816357	-0.072578
3.818310	-0.072578
3.820264	-0.072578
3.822217	-0.077461
3.824170	-0.077461
3.826123	-0.072578
3.828076	-0.072578
3.830029	-0.072578
3.831982	-0.062813
3.833935	-0.057930
3.835888	-0.057930
3.837841	-0.053047
3.839795	-0.043281
3.841748	-0.038399
3.843701	-0.033516
3.845654	-0.023750
3.847607	-0.018867
3.849560	-0.009102
3.851513	0.000664
3.853466	0.015312
3.855419	0.015312
3.857372	0.025078
3.859326	0.029961
3.861279	0.039726
3.863232	0.044609
3.865185	0.054375
3.867138	0.059258
3.869091	0.064141
3.871044	0.069023
3.872997	0.069023
3.874950	0.073906
3.876903	0.078789
3.878857	0.083672
3.880810	0.083672
3.882763	0.088555
3.884716	0.088555
3.886669	0.083672
3.888622	0.083672
3.890575	0.108086
3.892528	0.083672
3.894481	0.088555
3.896434	0.083672
3.898388	0.078789
3.900341	0.078789
3.902294	0.078789
3.904247	0.078789
3.906200	0.073906
3.908153	0.069023
3.910106	0.069023
3.912059	0.064141
3.914012	0.059258
3.915965	0.059258
3.917919	0.059258
3.919872	0.049492
3.921825	0.049492
3.923778	0.044609
3.925731	0.039726
3.927684	0.034844
3.929637	0.034844
3.931590	0.029961
3.933543	0.025078
3.935496	0.025078
3.937450	0.020195
3.939403	0.015312
3.941356	0.010430
3.943309	0.000664
3.945262	0.000664
3.947215	-0.004219
3.949168	-0.009102
3.951121	-0.013984
3.953074	-0.018867
3.955027	-0.023750
3.956981	-0.028633
3.958934	-0.033516
3.960887	-0.038399
3.962840	-0.043281
3.964793	-0.048164
3.966746	-0.048164
3.968699	-0.053047
3.970652	-0.053047
3.972605	-0.057930
3.974558	-0.062813
3.976512	-0.062813
3.978465	-0.062813
3.980418	-0.067695
3.982371	-0.062813
3.984324	-0.062813
3.986277	-0.062813
3.988230	-0.067695
3.990183	-0.062813
3.992136	-0.057930
3.994089	-0.057930
3.996043	-0.048164
3.997996	-0.043281
3.999949	-0.043281
4.001902	-0.033516
4.003855	-0.033516
4.005808	-0.023750
4.007761	-0.023750
4.009714	-0.013984
4.011667	-0.004219
4.013620	0.000664
4.015574	0.005547
4.017527	0.010430
4.019480	0.020195
4.021433	0.020195
4.023386	0.025078
4.025339	0.029961
4.027292	0.039726
4.029245	0.039726
4.031198	0.044609
4.033151	0.049492
4.035105	0.054375
4.037058	0.054375
4.039011	0.059258
4.040964	0.064141
4.042917	0.064141
4.044870	0.064141
4.046823	0.069023
4.048776	0.069023
4.050729	0.069023
4.052682	0.073906
4.054636	0.069023
4.056589	0.073906
4.058542	0.069023
4.060495	0.073906
4.062448	0.069023
4.064401	0.064141
4.066354	0.064141
4.068307	0.064141
4.070260	0.064141
4.072213	0.064141
4.074167	0.064141
4.076120	0.059258
4.078073	0.054375
4.080026	0.054375
4.081979	0.059258
4.083932	0.054375
4.085885	0.049492
4.087838	0.044609
4.089791	0.044609
4.091744	0.039726
4.093698	0.034844
4.095651	0.034844
4.097604	0.029961
4.099557	0.029961
4.101510	0.025078
4.103463	0.015312
4.105416	0.010430
4.107369	0.005547
4.109322	0.000664
4.111275	0.000664
4.113229	-0.004219
4.115182	-0.009102
4.117135	-0.013984
4.119088	-0.018867
4.121041	-0.023750
4.122994	-0.033516
4.124947	-0.033516
4.126900	-0.043281
4.128853	-0.043281
4.130806	-0.048164
4.132760	-0.048164
4.134713	-0.053047
4.136666	-0.057930
4.138619	-0.062813
4.140572	-0.057930
4.142525	-0.062813
4.144478	-0.062813
4.146431	-0.057930
4.148384	-0.057930
4.150337	-0.057930
4.152291	-0.057930
4.154244	-0.053047
4.156197	-0.053047
4.158150	-0.053047
4.160103	-0.048164
4.162056	-0.043281
4.164009	-0.033516
4.165962	-0.033516
4.167915	-0.023750
4.169868	-0.004219
4.171822	-0.013984
4.173775	-0.009102
4.175728	-0.004219
4.177681	0.000664
4.179634	0.005547
4.181587	0.010430
4.183540	0.015312
4.185493	0.015312
4.187446	0.020195
4.189399	0.025078
4.191353	0.029961
4.193306	0.034844
4.195259	0.034844
4.197212	0.034844
4.199165	0.039726
4.201118	0.044609
4.203071	0.044609
4.205024	0.049492
4.206977	0.049492
4.208930	0.054375
4.210884	0.054375
4.212837	0.054375
4.214790	0.059258
4.216743	0.059258
4.218696	0.059258
4.220649	0.064141
4.222602	0.039726
4.224555	0.064141
4.226508	0.064141
4.228461	0.064141
4.230415	0.064141
4.232368	0.064141
4.234321	0.059258
4.236274	0.059258
4.238227	0.059258
4.240180	0.059258
4.242133	0.054375
4.244086	0.054375
4.246039	0.059258
4.247992	0.054375
4.249946	0.049492
4.251899	0.049492
4.253852	0.044609
4.255805	0.039726
4.257758	0.034844
4.259711	0.034844
4.261664	0.029961
4.263617	0.025078
4.265570	0.025078
4.267523	0.020195
4.269477	0.010430
4.271430	0.010430
4.273383	0.005547
4.275336	0.000664
4.277289	-0.004219
4.279242	-0.013984
4.281195	-0.013984
4.283148	-0.023750
4.285101	-0.023750
4.287054	-0.033516
4.289008	-0.038399
4.290961	-0.038399
4.292914	-0.038399
4.294867	-0.043281
4.296820	-0.048164
4.298773	-0.048164
4.300726	-0.018867
4.302679	-0.053047
4.304632	-0.053047
4.306585	-0.048164
4.308539	-0.048164
4.310492	-0.053047
4.312445	-0.053047
4.314398	-0.053047
4.316351	-0.053047
4.318304	-0.028633
4.320257	-0.018867
4.322210	-0.038399
4.324163	-0.033516
4.326116	-0.028633
4.328070	-0.028633
4.330023	-0.018867
4.331976	-0.013984
4.333929	-0.009102
4.335882	-0.009102
4.337835	-0.009102
4.339788	0.000664
4.341741	0.005547
4.343694	0.005547
4.345647	0.010430
4.347601	0.015312
4.349554	0.015312
4.351507	0.015312
4.353460	0.020195
4.355413	0.029961
4.357366	0.029961
4.359319	0.034844
4.361272	0.034844
4.363225	0.034844
4.365178	0.039726
4.367132	0.044609
4.369085	0.044609
4.371038	0.044609
4.372991	0.044609
4.374944	0.049492
4.376897	0.054375
4.378850	0.064141
4.380803	0.059258
4.382756	0.059258
4.384709	0.059258
4.386663	0.059258
4.388616	0.059258
4.390569	0.059258
4.392522	0.064141
4.394475	0.064141
4.396428	0.064141
4.398381	0.059258
4.400334	0.064141
4.402287	0.059258
4.404240	0.059258
4.406194	0.059258
4.408147	0.054375
4.410100	0.049492
4.412053	0.044609
4.414006	0.044609
4.415959	0.044609
4.417912	0.039726
4.419865	0.039726
4.421818	0.034844
4.423771	0.034844
4.425725	0.034844
4.427678	0.029961
4.429631	0.020195
4.431584	0.015312
4.433537	0.010430
4.435490	0.005547
4.437443	0.000664
4.439396	0.000664
4.441349	-0.004219
4.443302	-0.004219
4.445256	-0.013984
4.447209	-0.018867
4.449162	-0.018867
4.451115	-0.023750
4.453068	-0.028633
4.455021	-0.033516
4.456974	-0.033516
4.458927	-0.038399
4.460880	-0.043281
4.462833	-0.048164
4.464787	-0.043281
4.466740	-0.043281
4.468693	-0.048164
4.470646	-0.043281
4.472599	-0.043281
4.474552	-0.043281
4.476505	-0.043281
4.478458	-0.043281
4.480411	-0.043281
4.482364	-0.038399
4.484318	-0.038399
4.486271	-0.023750
4.488224	-0.028633
4.490177	-0.028633
4.492130	-0.033516
4.494083	-0.018867
4.496036	-0.018867
4.497989	-0.013984
4.499942	-0.013984
4.501895	-0.013984
4.503849	-0.009102
4.505802	-0.009102
4.507755	-0.004219
4.509708	0.005547
4.511661	0.010430
4.513614	0.015312
4.515567	0.020195
4.517520	0.020195
4.519473	0.029961
4.521426	0.029961
4.523380	0.029961
4.525333	0.034844
4.527286	0.034844
4.529239	0.034844
4.531192	0.039726
4.533145	0.044609
4.535098	0.044609
4.537051	0.044609
4.539004	0.044609
4.540957	0.054375
4.542911	0.049492
4.544864	0.049492
4.546817	0.073906
4.548770	0.054375
4.550723	0.059258
4.552676	0.059258
4.554629	0.059258
4.556582	0.059258
4.558535	0.064141
4.560488	0.064141
4.562442	0.078789
4.564395	0.064141
4.566348	0.064141
4.568301	0.064141
4.570254	0.064141
4.572207	0.059258
4.574160	0.059258
4.576113	0.054375
4.578066	0.054375
4.580019	0.049492
4.581973	0.044609
4.583926	0.044609
4.585879	0.039726
4.587832	0.034844
4.589785	0.034844
4.591738	0.025078
4.593691	0.020195
4.595644	0.020195
4.597597	0.015312
4.599550	0.005547
4.601504	0.000664
4.603457	0.000664
4.605410	-0.004219
4.607363	-0.009102
4.609316	-0.009102
4.611269	-0.013984
4.613222	-0.013984
4.615175	-0.013984
4.617128	-0.013984
4.619081	-0.018867
4.621035	-0.018867
4.622988	-0.018867
4.624941	-0.023750
4.626894	-0.023750
4.628847	-0.023750
4.630800	-0.023750
4.632753	-0.018867
4.634706	-0.023750
4.636659	-0.023750
4.638612	-0.018867
4.640566	-0.023750
4.642519	-0.018867
4.644472	-0.023750
4.646425	-0.018867
4.648378	-0.018867
4.650331	-0.013984
4.652284	-0.013984
4.654237	-0.013984
4.656190	-0.009102
4.658143	-0.009102
4.660097	-0.009102
4.662050	-0.004219
4.664003	-0.004219
4.665956	0.000664
4.667909	0.000664
4.669862	0.005547
4.671815	0.005547
4.673768	0.005547
4.675721	0.010430
4.677674	0.010430
4.679628	0.010430
4.681581	0.015312
4.683534	0.015312
4.685487	0.020195
4.687440	0.020195
4.689393	0.020195
4.691346	0.025078
4.693299	0.029961
4.695252	0.029961
4.697205	0.034844
4.699159	0.039726
4.701112	0.039726
4.703065	0.039726
4.705018	0.044609
4.706971	0.044609
4.708924	0.049492
4.710877	0.044609
4.712830	0.054375
4.714783	0.049492
4.716736	0.054375
4.718690	0.059258
4.720643	0.059258
4.722596	0.064141
4.724549	0.059258
4.726502	0.059258
4.728455	0.064141
4.730408	0.064141
4.732361	0.059258
4.734314	0.054375
4.736267	0.059258
4.738221	0.054375
4.740174	0.049492
4.742127	0.049492
4.744080	0.044609
4.746033	0.044609
4.747986	0.039726
4.749939	0.034844
4.751892	0.029961
4.753845	0.025078
4.755798	0.025078
4.757752	0.020195
4.759705	0.020195
4.761658	0.010430
4.763611	0.010430
4.765564	0.015312
4.767517	0.005547
4.769470	0.005547
4.771423	0.000664
4.773376	-0.004219
4.775329	-0.009102
4.777283	-0.009102
4.779236	-0.013984
4.781189	-0.013984
4.783142	-0.018867
4.785095	0.010430
4.787048	-0.018867
4.789001	-0.018867
4.790954	-0.023750
4.792907	-0.018867
4.794860	0.010430
4.796814	-0.023750
4.798767	-0.018867
4.800720	-0.018867
4.802673	-0.018867
4.804626	-0.018867
4.806579	-0.018867
4.808532	-0.018867
4.810485	-0.018867
4.812438	-0.013984
4.814391	-0.018867
4.816345	-0.013984
4.818298	-0.013984
4.820251	-0.009102
4.822204	-0.013984
4.824157	-0.009102
4.826110	-0.009102
4.828063	-0.004219
4.830016	-0.004219
4.831969	-0.004219
4.833922	0.000664
4.835876	0.000664
4.837829	0.005547
4.839782	0.005547
4.841735	0.010430
4.843688	0.010430
4.845641	0.015312
4.847594	0.015312
4.849547	0.015312
4.851500	0.025078
4.853453	0.020195
4.855407	0.029961
4.857360	0.029961
4.859313	0.029961
4.861266	0.039726
4.863219	0.034844
4.865172	0.039726
4.867125	0.034844
4.869078	0.044609
4.871031	0.044609
4.872984	0.049492
4.874938	0.049492
4.876891	0.049492
4.878844	0.049492
4.880797	0.054375
4.882750	0.049492
4.884703	0.054375
4.886656	0.059258
4.888609	0.054375
4.890562	0.054375
4.892515	0.054375
4.894469	0.049492
4.896422	0.049492
4.898375	0.044609
4.900328	0.049492
4.902281	0.044609
4.904234	0.044609
4.906187	0.039726
4.908140	0.039726
4.910093	0.034844
4.912046	0.034844
4.914000	0.029961
4.915953	0.029961
4.917906	0.025078
4.919859	0.025078
4.921812	0.020195
4.923765	0.015312
4.925718	0.015312
4.927671	0.010430
4.929624	0.010430
4.931577	0.005547
4.933531	0.005547
4.935484	0.000664
4.937437	0.000664
4.939390	0.000664
4.941343	-0.004219
4.943296	-0.009102
4.945249	-0.009102
4.947202	-0.009102
4.949155	-0.009102
4.951108	-0.009102
4.953062	-0.009102
4.955015	-0.013984
4.956968	-0.009102
4.958921	-0.013984
4.960874	-0.013984
4.962827	-0.013984
4.964780	-0.013984
4.966733	-0.013984
4.968686	-0.013984
4.970639	-0.018867
4.972593	-0.013984
4.974546	-0.013984
4.976499	-0.013984
4.978452	-0.013984
4.980405	-0.013984
4.982358	-0.013984
4.984311	-0.018867
4.986264	-0.013984
4.988217	-0.009102
4.990170	-0.009102
4.992124	-0.009102
4.994077	-0.009102
4.996030	0.000664
4.997983	0.000664
4.999936	0.000664
5.001889	0.000664
5.003842	0.005547
5.005795	0.005547
5.007748	0.005547
5.009701	0.010430
5.011655	0.010430
5.013608	0.015312
5.015561	0.015312
5.017514	0.020195
5.019467	0.025078
5.021420	0.025078
5.023373	0.025078
5.025326	0.029961
5.027279	0.029961
5.029232	0.034844
5.031186	0.039726
5.033139	0.039726
5.035092	0.044609
5.037045	0.049492
5.038998	0.044609
5.040951	0.049492
5.042904	0.049492
5.044857	0.054375
5.046810	0.054375
5.048763	0.049492
5.050717	0.049492
5.052670	0.054375
5.054623	0.054375
5.056576	0.049492
5.058529	0.054375
5.060482	0.049492
5.062435	0.044609
5.064388	0.044609
5.066341	0.039726
5.068294	0.039726
5.070248	0.039726
5.072201	0.034844
5.074154	0.034844
5.076107	0.029961
5.078060	0.025078
5.080013	0.025078
5.081966	0.020195
5.083919	0.020195
5.085872	0.020195
5.087825	0.015312
5.089779	0.010430
5.091732	0.005547
5.093685	0.005547
5.095638	0.000664
5.097591	0.000664
5.099544	0.000664
5.101497	0.000664
5.103450	-0.004219
5.105403	-0.004219
5.107356	-0.009102
5.109310	-0.004219
5.111263	-0.009102
5.113216	-0.009102
5.115169	-0.004219
5.117122	-0.009102
5.119075	-0.009102
5.121028	-0.013984
5.122981	-0.013984
5.124934	0.000664
5.126887	-0.013984
5.128841	-0.009102
5.130794	-0.013984
5.132747	-0.018867
5.134700	-0.013984
5.136653	-0.018867
5.138606	-0.018867
5.140559	-0.018867
5.142512	-0.018867
5.144465	-0.018867
5.146418	-0.023750
5.148372	-0.023750
5.150325	-0.018867
5.152278	-0.018867
5.154231	-0.018867
5.156184	-0.013984
5.158137	-0.013984
5.160090	-0.013984
5.162043	-0.009102
5.163996	-0.004219
5.165949	-0.004219
5.167903	-0.004219
5.169856	0.000664
5.171809	0.000664
5.173762	0.005547
5.175715	0.005547
5.177668	0.010430
5.179621	0.015312
5.181574	0.020195
5.183527	0.020195
5.185480	0.025078
5.187434	0.025078
5.189387	0.029961
5.191340	0.029961
5.193293	0.029961
5.195246	0.034844
5.197199	0.034844
5.199152	0.039726
5.201105	0.039726
5.203058	0.039726
5.205011	0.039726
5.206965	0.044609
5.208918	0.044609
5.210871	0.044609
5.212824	0.039726
5.214777	0.044609
5.216730	0.044609
5.218683	0.039726
5.220636	0.039726
5.222589	0.039726
5.224542	0.034844
5.226496	0.029961
5.228449	0.029961
5.230402	0.029961
5.232355	0.029961
5.234308	0.029961
5.236261	0.025078
5.238214	0.029961
5.240167	0.025078
5.242120	0.025078
5.244073	0.025078
5.246027	0.020195
5.247980	0.020195
5.249933	0.020195
5.251886	0.020195
5.253839	0.015312
5.255792	0.015312
5.257745	0.015312
5.259698	0.010430
5.261651	0.010430
5.263604	0.005547
5.265558	0.005547
5.267511	0.005547
5.269464	0.000664
5.271417	0.005547
5.273370	0.005547
5.275323	0.000664
5.277276	0.005547
5.279229	0.000664
5.281182	0.000664
5.283135	0.000664
5.285089	0.015312
5.287042	-0.004219
5.288995	-0.004219
5.290948	-0.004219
5.292901	-0.004219
5.294854	-0.004219
5.296807	-0.009102
5.298760	-0.004219
5.300713	-0.009102
5.302666	-0.009102
5.304620	-0.004219
5.306573	-0.009102
5.308526	-0.009102
5.310479	-0.009102
5.312432	-0.004219
5.314385	-0.009102
5.316338	-0.004219
5.318291	-0.009102
5.320244	0.000664
5.322197	0.010430
5.324151	-0.004219
5.326104	0.015312
5.328057	0.000664
5.330010	0.005547
5.331963	0.005547
5.333916	0.005547
5.335869	0.010430
5.337822	0.010430
5.339775	0.015312
5.341728	0.020195
5.343682	0.020195
5.345635	0.025078
5.347588	0.029961
5.349541	0.029961
5.351494	0.034844
5.353447	0.034844
5.355400	0.034844
5.357353	0.039726
5.359306	0.039726
5.361259	0.039726
5.363213	0.044609
5.365166	0.039726
5.367119	0.044609
5.369072	0.044609
5.371025	0.044609
5.372978	0.049492
5.374931	0.049492
5.376884	0.044609
5.378837	0.044609
5.380790	0.044609
5.382744	0.044609
5.384697	0.044609
5.386650	0.044609
5.388603	0.044609
5.390556	0.044609
5.392509	0.044609
5.394462	0.039726
5.396415	0.039726
5.398368	0.039726
5.400321	0.039726
5.402275	0.034844
5.404228	0.034844
5.406181	0.034844
5.408134	0.034844
5.410087	0.029961
5.412040	0.029961
5.413993	0.029961
5.415946	0.025078
5.417899	0.025078
5.419852	0.025078
5.421806	0.020195
5.423759	0.020195
5.425712	0.020195
5.427665	0.015312
5.429618	0.010430
5.431571	0.010430
5.433524	0.010430
5.435477	0.005547
5.437430	0.010430
5.439383	0.005547
5.441337	0.005547
5.443290	0.005547
5.445243	0.005547
5.447196	0.000664
5.449149	0.005547
5.451102	0.000664
5.453055	0.000664
5.455008	0.000664
5.456961	0.000664
5.458914	-0.004219
5.460868	-0.004219
5.462821	-0.004219
5.464774	-0.004219
5.466727	-0.004219
5.468680	-0.004219
5.470633	-0.009102
5.472586	-0.009102
5.474539	-0.009102
5.476492	-0.004219
5.478445	-0.004219
5.480399	-0.004219
5.482352	0.000664
5.484305	0.005547
5.486258	0.000664
5.488211	0.020195
5.490164	0.010430
5.492117	0.010430
5.494070	0.015312
5.496023	0.015312
5.497976	0.015312
5.499930	0.020195
5.501883	0.020195
5.503836	0.020195
5.505789	0.025078
5.507742	0.025078
5.509695	0.029961
5.511648	0.029961
5.513601	0.034844
5.515554	0.034844
5.517507	0.039726
5.519461	0.039726
5.521414	0.039726
5.523367	0.039726
5.525320	0.039726
5.527273	0.039726
5.529226	0.044609
5.531179	0.039726
5.533132	0.044609
5.535085	0.044609
5.537038	0.044609
5.538992	0.044609
5.540945	0.044609
5.542898	0.044609
5.544851	0.044609
5.546804	0.044609
5.548757	0.044609
5.550710	0.044609
5.552663	0.034844
5.554616	0.034844
5.556569	0.039726
5.558523	0.039726
5.560476	0.039726
5.562429	0.034844
5.564382	0.039726
5.566335	0.034844
5.568288	0.034844
5.570241	0.034844
5.572194	0.034844
5.574147	0.034844
5.576100	0.034844
5.578054	0.034844
5.580007	0.029961
5.581960	0.029961
5.583913	0.025078
5.585866	0.025078
5.587819	0.020195
5.589772	0.020195
5.591725	0.020195
5.593678	0.020195
5.595631	0.020195
5.597585	0.020195
5.599538	0.015312
5.601491	0.015312
5.603444	0.015312
5.605397	0.015312
5.607350	0.010430
5.609303	0.005547
5.611256	0.005547
5.613209	0.005547
5.615162	0.000664
5.617116	0.000664
5.619069	0.000664
5.621022	0.000664
5.622975	0.000664
5.624928	0.000664
5.626881	0.000664
5.628834	-0.004219
5.630787	0.000664
5.632740	-0.004219
5.634693	0.000664
5.636647	0.000664
5.638600	0.000664
5.640553	0.005547
5.642506	0.005547
5.644459	0.005547
5.646412	0.005547
5.648365	0.010430
5.650318	0.005547
5.652271	0.005547
5.654224	0.010430
5.656178	0.010430
5.658131	0.010430
5.660084	0.010430
5.662037	0.020195
5.663990	0.020195
5.665943	0.025078
5.667896	0.025078
5.669849	0.025078
5.671802	0.025078
5.673755	0.025078
5.675709	0.029961
5.677662	0.029961
5.679615	0.034844
5.681568	0.034844
5.683521	0.034844
5.685474	0.039726
5.687427	0.034844
5.689380	0.034844
5.691333	0.034844
5.693286	0.039726
5.695240	0.034844
5.697193	0.034844
5.699146	0.039726
5.701099	0.039726
5.703052	0.054375
5.705005	0.054375
5.706958	0.034844
5.708911	0.039726
5.710864	0.044609
5.712817	0.044609
5.714771	0.044609
5.716724	0.039726
5.718677	0.039726
5.720630	0.039726
5.722583	0.049492
5.724536	0.034844
5.726489	0.034844
5.728442	0.034844
5.730395	0.034844
5.732348	0.034844
5.734302	0.034844
5.736255	0.034844
5.738208	0.034844
5.740161	0.034844
5.742114	0.034844
5.744067	0.029961
5.746020	0.029961
5.747973	0.029961
5.749926	0.029961
5.751879	0.044609
5.753833	0.039726
5.755786	0.039726
5.757739	0.025078
5.759692	0.020195
5.761645	0.020195
5.763598	0.015312
5.765551	0.015312
5.767504	0.015312
5.769457	0.015312
5.771410	0.010430
5.773364	0.010430
5.775317	0.010430
5.777270	0.010430
5.779223	0.005547
5.781176	0.005547
5.783129	0.005547
5.785082	0.000664
5.787035	0.000664
5.788988	0.000664
5.790941	0.005547
5.792895	0.005547
5.794848	0.000664
5.796801	-0.004219
5.798754	-0.004219
5.800707	0.000664
5.802660	0.000664
5.804613	-0.004219
5.806566	0.000664
5.808519	0.000664
5.810472	0.005547
5.812426	0.010430
5.814379	0.010430
5.816332	0.010430
5.818285	0.010430
5.820238	0.015312
5.822191	0.005547
5.824144	0.010430
5.826097	0.015312
5.828050	0.020195
5.830003	0.020195
5.831957	0.025078
5.833910	0.020195
5.835863	0.025078
5.837816	0.020195
5.839769	0.020195
5.841722	0.020195
5.843675	0.025078
5.845628	0.025078
5.847581	0.025078
5.849534	0.039726
5.851488	0.025078
5.853441	0.029961
5.855394	0.029961
5.857347	0.029961
5.859300	0.029961
5.861253	0.034844
5.863206	0.029961
5.865159	0.044609
5.867112	0.034844
5.869065	0.034844
5.871019	0.034844
5.872972	0.034844
5.874925	0.034844
5.876878	0.029961
5.878831	0.034844
5.880784	0.034844
5.882737	0.039726
5.884690	0.039726
5.886643	0.034844
5.888596	0.034844
5.890550	0.034844
5.892503	0.029961
5.894456	0.034844
5.896409	0.039726
5.898362	0.039726
5.900315	0.054375
5.902268	0.039726
5.904221	0.034844
5.906174	0.034844
5.908127	0.034844
5.910081	0.029961
5.912034	0.029961
5.913987	0.025078
5.915940	0.029961
5.917893	0.025078
5.919846	0.025078
5.921799	0.025078
5.923752	0.020195
5.925705	0.020195
5.927658	0.020195
5.929612	0.015312
5.931565	0.015312
5.933518	0.015312
5.935471	0.010430
5.937424	0.010430
5.939377	0.005547
5.941330	0.010430
5.943283	0.005547
5.945236	0.005547
5.947189	0.015312
5.949143	0.000664
5.951096	0.000664
5.953049	0.005547
5.955002	0.000664
5.956955	0.000664
5.958908	0.005547
5.960861	0.005547
5.962814	0.005547
5.964767	0.005547
5.966720	0.005547
5.968674	0.005547
5.970627	0.005547
5.972580	0.010430
5.974533	0.010430
5.976486	0.010430
5.978439	0.015312
5.980392	0.010430
5.982345	0.015312
5.984298	0.015312
5.986251	0.015312
5.988205	0.015312
5.990158	0.015312
5.992111	0.015312
5.994064	0.015312
5.996017	0.020195
5.997970	0.025078
5.999923	0.020195
6.001876	0.025078
6.003829	0.025078
6.005782	0.020195
6.007736	0.025078
6.009689	0.025078
6.011642	0.025078
6.013595	0.025078
6.015548	0.025078
6.017501	0.025078
6.019454	0.029961
6.021407	0.029961
6.023360	0.029961
6.025313	0.029961
6.027267	0.029961
6.029220	0.034844
6.031173	0.029961
6.033126	0.034844
6.035079	0.034844
6.037032	0.034844
6.038985	0.034844
6.040938	0.034844
6.042891	0.034844
6.044844	0.034844
6.046798	0.039726
6.048751	0.034844
6.050704	0.034844
6.052657	0.029961
6.054610	0.029961
6.056563	0.029961
6.058516	0.034844
6.060469	0.029961
6.062422	0.029961
6.064375	0.029961
6.066329	0.029961
6.068282	0.029961
6.070235	0.025078
6.072188	0.025078
6.074141	0.025078
6.076094	0.020195
6.078047	0.025078
6.080000	0.025078
6.081953	0.020195
6.083906	0.020195
6.085860	0.020195
6.087813	0.015312
6.089766	0.010430
6.091719	0.010430
6.093672	0.005547
6.095625	0.005547
6.097578	0.005547
6.099531	0.005547
6.101484	0.005547
6.103437	0.005547
6.105391	0.015312
6.107344	0.005547
6.109297	0.005547
6.111250	0.010430
6.113203	0.010430
6.115156	0.005547
6.117109	0.005547
6.119062	0.005547
6.121015	0.000664
6.122968	0.000664
6.124922	0.000664
6.126875	0.000664
6.128828	0.000664
6.130781	0.005547
6.132734	0.005547
6.134687	0.000664
6.136640	0.005547
6.138593	0.005547
6.140546	0.010430
6.142499	0.005547
6.144453	0.010430
6.146406	0.010430
6.148359	0.015312
6.150312	0.015312
6.152265	0.015312
6.154218	0.010430
6.156171	0.010430
6.158124	0.015312
6.160077	0.015312
6.162030	0.015312
6.163984	0.015312
6.165937	0.020195
6.167890	0.020195
6.169843	0.020195
6.171796	0.020195
6.173749	0.020195
6.175702	0.025078
6.177655	0.025078
6.179608	0.029961
6.181561	0.025078
6.183515	0.029961
6.185468	0.029961
6.187421	0.029961
6.189374	0.029961
6.191327	0.034844
6.193280	0.034844
6.195233	0.034844
6.197186	0.034844
6.199139	0.034844
6.201092	0.034844
6.203046	0.034844
6.204999	0.039726
6.206952	0.039726
6.208905	0.039726
6.210858	0.039726
6.212811	0.039726
6.214764	0.039726
6.216717	0.039726
6.218670	0.039726
6.220623	0.039726
6.222577	0.039726
6.224530	0.034844
6.226483	0.034844
6.228436	0.034844
6.230389	0.034844
6.232342	0.034844
6.234295	0.029961
6.236248	0.029961
6.238201	0.029961
6.240154	0.025078
6.242108	0.029961
6.244061	0.025078
6.246014	0.025078
6.247967	0.025078
6.249920	0.020195
6.251873	0.020195
6.253826	0.020195
6.255779	0.020195
6.257732	0.020195
6.259685	0.020195
6.261639	0.015312
6.263592	0.015312
6.265545	0.015312
6.267498	0.020195
6.269451	0.020195
6.271404	0.015312
6.273357	0.015312
6.275310	0.010430
6.277263	0.010430
6.279216	0.010430
6.281170	0.010430
6.283123	0.010430
6.285076	0.010430
6.287029	0.005547
6.288982	0.005547
6.290935	0.010430
6.292888	0.005547
6.294841	0.010430
6.296794	0.010430
6.298747	0.010430
6.300701	0.010430
6.302654	0.010430
6.304607	0.015312
6.306560	0.015312
6.308513	0.010430
6.310466	0.015312
6.312419	0.010430
6.314372	0.010430
6.316325	0.010430
6.318278	0.010430
6.320232	0.010430
6.322185	0.015312
6.324138	0.015312
6.326091	0.015312
6.328044	0.015312
6.329997	0.020195
6.331950	0.020195
6.333903	0.015312
6.335856	0.015312
6.337809	0.020195
6.339763	0.005547
6.341716	0.025078
6.343669	0.020195
6.345622	0.020195
6.347575	0.025078
6.349528	0.025078
6.351481	0.029961
6.353434	0.029961
6.355387	0.029961
6.357340	0.029961
6.359294	0.029961
6.361247	0.034844
6.363200	0.025078
6.365153	0.029961
6.367106	0.034844
6.369059	0.034844
6.371012	0.034844
6.372965	0.029961
6.374918	0.034844
6.376871	0.039726
6.378825	0.034844
6.380778	0.034844
6.382731	0.034844
6.384684	0.029961
6.386637	0.034844
6.388590	0.029961
6.390543	0.029961
6.392496	0.029961
6.394449	0.029961
6.396402	0.025078
6.398356	0.025078
6.400309	0.025078
6.402262	0.025078
6.404215	0.025078
6.406168	0.020195
6.408121	0.020195
6.410074	0.020195
6.412027	0.020195
6.413980	0.015312
6.415933	0.010430
6.417887	0.010430
6.419840	0.010430
6.421793	0.010430
6.423746	0.015312
6.425699	0.015312
6.427652	0.029961
6.429605	0.010430
6.431558	0.010430
6.433511	0.010430
6.435464	0.010430
6.437418	0.010430
6.439371	0.010430
6.441324	0.010430
6.443277	0.039726
6.445230	0.010430
6.447183	0.010430
6.449136	0.010430
6.451089	0.010430
6.453042	0.010430
6.454995	0.010430
6.456949	0.010430
6.458902	0.015312
6.460855	0.015312
6.462808	0.010430
6.464761	0.010430
6.466714	0.010430
6.468667	0.010430
6.470620	0.005547
6.472573	0.010430
6.474526	0.005547
6.476480	0.015312
6.478433	0.010430
6.480386	0.010430
6.482339	0.015312
6.484292	0.010430
6.486245	0.010430
6.488198	0.015312
6.490151	0.015312
6.492104	0.015312
6.494057	0.020195
6.496011	0.020195
6.497964	0.020195
6.499917	0.015312
6.501870	0.015312
6.503823	0.020195
6.505776	0.020195
6.507729	0.025078
6.509682	0.025078
6.511635	0.020195
6.513588	0.025078
6.515542	0.020195
6.517495	0.025078
6.519448	0.020195
6.521401	0.029961
6.523354	0.029961
6.525307	0.029961
6.527260	0.029961
6.529213	0.029961
6.531166	0.025078
6.533119	0.029961
6.535073	0.034844
6.537026	0.029961
6.538979	0.029961
6.540932	0.025078
6.542885	0.029961
6.544838	0.029961
6.546791	0.029961
6.548744	0.029961
6.550697	0.029961
6.552650	0.020195
6.554604	0.025078
6.556557	0.025078
6.558510	0.025078
6.560463	0.020195
6.562416	0.025078
6.564369	0.025078
6.566322	0.020195
6.568275	0.020195
6.570228	0.020195
6.572181	0.015312
6.574135	0.020195
6.576088	0.015312
6.578041	0.015312
6.579994	0.015312
6.581947	0.015312
6.583900	0.015312
6.585853	0.015312
6.587806	0.015312
6.589759	0.015312
6.591712	0.010430
6.593666	0.010430
6.595619	0.015312
6.597572	0.010430
6.599525	0.015312
6.601478	0.010430
6.603431	0.010430
6.605384	0.005547
6.607337	0.005547
6.609290	0.005547
6.611243	0.005547
6.613197	0.010430
6.615150	0.010430
6.617103	0.010430
6.619056	0.005547
6.621009	0.010430
6.622962	0.010430
6.624915	0.005547
6.626868	0.010430
6.628821	0.010430
6.630774	0.010430
6.632728	0.010430
6.634681	0.010430
6.636634	0.005547
6.638587	0.015312
6.640540	0.015312
6.642493	0.020195
6.644446	0.015312
6.646399	0.015312
6.648352	0.015312
6.650305	0.015312
6.652259	0.015312
6.654212	0.015312
6.656165	0.015312
6.658118	0.020195
6.660071	0.020195
6.662024	0.020195
6.663977	0.020195
6.665930	0.015312
6.667883	0.020195
6.669836	0.020195
6.671790	0.025078
6.673743	0.025078
6.675696	0.025078
6.677649	0.025078
6.679602	0.025078
6.681555	0.029961
6.683508	0.029961
6.685461	0.029961
6.687414	0.025078
6.689367	0.029961
6.691321	0.029961
6.693274	0.029961
6.695227	0.029961
6.697180	0.029961
6.699133	0.034844
6.701086	0.029961
6.703039	0.029961
6.704992	0.029961
6.706945	0.029961
6.708898	0.029961
6.710852	0.029961
6.712805	0.029961
6.714758	0.029961
6.716711	0.029961
6.718664	0.029961
6.720617	0.029961
6.722570	0.025078
6.724523	0.025078
6.726476	0.029961
6.728429	0.029961
6.730383	0.029961
6.732336	0.029961
6.734289	0.029961
6.736242	0.025078
6.738195	0.025078
6.740148	0.025078
6.742101	0.020195
6.744054	0.020195
6.746007	0.025078
6.747960	0.025078
6.749914	0.020195
6.751867	0.020195
6.753820	0.020195
6.755773	0.020195
6.757726	0.020195
6.759679	0.020195
6.761632	0.020195
6.763585	0.020195
6.765538	0.020195
6.767491	0.015312
6.769445	0.015312
6.771398	0.020195
6.773351	0.015312
6.775304	0.015312
6.777257	0.015312
6.779210	0.015312
6.781163	0.015312
6.783116	0.015312
6.785069	0.015312
6.787022	0.015312
6.788976	0.015312
6.790929	0.015312
6.792882	0.015312
6.794835	0.015312
6.796788	0.015312
6.798741	0.015312
6.800694	0.015312
6.802647	0.015312
6.804600	0.015312
6.806553	0.015312
6.808507	0.015312
6.810460	0.015312
6.812413	0.020195
6.814366	0.020195
6.816319	0.020195
6.818272	0.020195
6.820225	0.025078
6.822178	0.020195
6.824131	0.025078
6.826084	0.025078
6.828038	0.020195
6.829991	0.025078
6.831944	0.025078
6.833897	0.025078
6.835850	0.025078
6.837803	0.029961
6.839756	0.025078
6.841709	0.029961
6.843662	0.025078
6.845615	0.025078
6.847569	0.025078
6.849522	0.029961
6.851475	0.029961
6.853428	0.029961
6.855381	0.029961
6.857334	0.025078
6.859287	0.029961
6.861240	0.029961
6.863193	0.029961
6.865146	0.029961
6.867100	0.029961
6.869053	0.029961
6.871006	0.029961
6.872959	0.025078
6.874912	0.029961
6.876865	0.029961
6.878818	0.029961
6.880771	0.029961
6.882724	0.025078
6.884677	0.025078
6.886631	0.029961
6.888584	0.025078
6.890537	0.029961
6.892490	0.025078
6.894443	0.025078
6.896396	0.025078
6.898349	0.020195
6.900302	0.025078
6.902255	0.025078
6.904208	0.025078
6.906162	0.025078
6.908115	0.025078
6.910068	0.025078
6.912021	0.025078
6.913974	0.025078
6.915927	0.025078
6.917880	0.020195
6.919833	0.020195
6.921786	0.020195
6.923739	0.020195
6.925693	0.020195
6.927646	0.020195
6.929599	0.015312
6.931552	0.015312
6.933505	0.015312
6.935458	0.015312
6.937411	0.015312
6.939364	0.010430
6.941317	0.015312
6.943270	0.015312
6.945224	0.010430
6.947177	0.010430
6.949130	0.015312
6.951083	0.010430
6.953036	0.010430
6.954989	0.010430
6.956942	0.010430
6.958895	0.010430
6.960848	0.005547
6.962801	0.010430
6.964755	0.010430
6.966708	0.010430
6.968661	0.015312
6.970614	0.010430
6.972567	0.015312
6.974520	0.015312
6.976473	0.015312
6.978426	0.015312
6.980379	0.020195
6.982332	0.020195
6.984286	0.020195
6.986239	0.020195
6.988192	0.020195
6.990145	0.020195
6.992098	0.025078
6.994051	0.020195
6.996004	0.025078
6.997957	0.025078
6.999910	0.029961
7.001863	0.025078
7.003817	0.020195
7.005770	0.025078
7.007723	0.025078
7.009676	0.020195
7.011629	0.025078
7.013582	0.020195
7.015535	0.020195
7.017488	0.020195
7.019441	0.020195
7.021394	0.025078
7.023348	0.025078
7.025301	0.025078
7.027254	0.025078
7.029207	0.025078
7.031160	0.025078
7.033113	0.025078
7.035066	0.020195
7.037019	0.025078
7.038972	0.020195
7.040925	0.025078
7.042879	0.025078
7.044832	0.020195
7.046785	0.025078
7.048738	0.025078
7.050691	0.025078
7.052644	0.029961
7.054597	0.029961
7.056550	0.029961
7.058503	0.029961
7.060456	0.029961
7.062410	0.025078
7.064363	0.029961
7.066316	0.025078
7.068269	0.025078
7.070222	0.025078
7.072175	0.025078
7.074128	0.025078
7.076081	0.025078
7.078034	0.025078
7.079987	0.020195
7.081941	0.020195
7.083894	0.020195
7.085847	0.020195
7.087800	0.020195
7.089753	0.015312
7.091706	0.010430
7.093659	0.015312
7.095612	0.015312
7.097565	0.015312
7.099518	0.010430
7.101472	0.015312
7.103425	0.015312
7.105378	0.010430
7.107331	0.015312
7.109284	0.015312
7.111237	0.015312
7.113190	0.010430
7.115143	0.010430
7.117096	0.015312
7.119049	0.010430
7.121003	0.015312
7.122956	0.010430
7.124909	0.015312
7.126862	0.015312
7.128815	0.015312
7.130768	0.015312
7.132721	0.015312
7.134674	0.020195
7.136627	0.015312
7.138580	0.020195
7.140534	0.020195
7.142487	0.020195
7.144440	0.020195
7.146393	0.020195
7.148346	0.025078
7.150299	0.025078
7.152252	0.025078
7.154205	0.025078
7.156158	0.025078
7.158111	0.025078
7.160065	0.025078
7.162018	0.025078
7.163971	0.025078
7.165924	0.025078
7.167877	0.025078
7.169830	0.025078
7.171783	0.025078
7.173736	0.025078
7.175689	0.025078
7.177642	0.025078
7.179596	0.020195
7.181549	0.020195
7.183502	0.025078
7.185455	0.025078
7.187408	0.025078
7.189361	0.025078
7.191314	0.025078
7.193267	0.025078
7.195220	0.025078
7.197173	0.025078
7.199127	0.025078
7.201080	0.039726
7.203033	0.025078
7.204986	0.025078
7.206939	0.025078
7.208892	0.025078
7.210845	0.029961
7.212798	0.029961
7.214751	0.029961
7.216704	0.029961
7.218658	0.029961
7.220611	0.029961
7.222564	0.029961
7.224517	0.029961
7.226470	0.029961
7.228423	0.029961
7.230376	0.029961
7.232329	0.025078
7.234282	0.025078
7.236235	0.020195
7.238189	0.025078
7.240142	0.020195
7.242095	0.020195
7.244048	0.020195
7.246001	0.015312
7.247954	0.015312
7.249907	0.010430
7.251860	0.015312
7.253813	0.010430
7.255766	0.025078
7.257720	0.010430
7.259673	0.010430
7.261626	0.010430
7.263579	0.005547
7.265532	0.005547
7.267485	0.005547
7.269438	0.005547
7.271391	0.005547
7.273344	0.005547
7.275297	0.005547
7.277251	0.005547
7.279204	0.005547
7.281157	0.005547
7.283110	0.005547
7.285063	0.010430
7.287016	0.010430
7.288969	0.010430
7.290922	0.010430
7.292875	0.015312
7.294828	0.015312
7.296782	0.015312
7.298735	0.015312
7.300688	0.015312
7.302641	0.015312
7.304594	0.015312
7.306547	0.020195
7.308500	0.020195
7.310453	0.020195
7.312406	0.020195
7.314359	0.020195
7.316313	0.020195
7.318266	0.020195
7.320219	0.025078
7.322172	0.025078
7.324125	0.020195
7.326078	0.034844
7.328031	0.025078
7.329984	0.020195
7.331937	0.020195
7.333890	0.025078
7.335844	0.020195
7.337797	0.020195
7.339750	0.020195
7.341703	0.020195
7.343656	0.020195
7.345609	0.020195
7.347562	0.025078
7.349515	0.025078
7.351468	0.025078
7.353421	0.025078
7.355375	0.025078
7.357328	0.025078
7.359281	0.025078
7.361234	0.025078
7.363187	0.029961
7.365140	0.029961
7.367093	0.029961
7.369046	0.029961
7.370999	0.029961
7.372952	0.029961
7.374906	0.029961
7.376859	0.029961
7.378812	0.029961
7.380765	0.029961
7.382718	0.029961
7.384671	0.029961
7.386624	0.029961
7.388577	0.029961
7.390530	0.029961
7.392483	0.029961
7.394437	0.029961
7.396390	0.025078
7.398343	0.025078
7.400296	0.029961
7.402249	0.025078
7.404202	0.025078
7.406155	0.025078
7.408108	0.020195
7.410061	0.020195
7.412014	0.020195
7.413968	0.020195
7.415921	0.020195
7.417874	0.020195
7.419827	0.015312
7.421780	0.015312
7.423733	0.015312
7.425686	0.015312
7.427639	0.015312
7.429592	0.010430
7.431545	0.015312
7.433499	0.015312
7.435452	0.010430
7.437405	0.015312
7.439358	0.015312
7.441311	0.015312
7.443264	0.020195
7.445217	0.015312
7.447170	0.020195
7.449123	0.020195
7.451076	0.020195
7.453030	0.020195
7.454983	0.020195
7.456936	0.020195
7.458889	0.025078
7.460842	0.025078
7.462795	0.025078
7.464748	0.025078
7.466701	0.020195
7.468654	0.025078
7.470607	0.025078
7.472561	0.025078
7.474514	0.025078
7.476467	0.025078
7.478420	0.025078
7.480373	0.025078
7.482326	0.025078
7.484279	0.025078
7.486232	0.025078
7.488185	0.025078
7.490138	0.020195
7.492092	0.025078
7.494045	0.020195
7.495998	0.015312
7.497951	0.025078
7.499904	0.020195
7.501857	0.025078
7.503810	0.025078
7.505763	0.025078
7.507716	0.025078
7.509669	0.025078
7.511623	0.025078
7.513576	0.029961
7.515529	0.025078
7.517482	0.025078
7.519435	0.025078
7.521388	0.029961
7.523341	0.029961
7.525294	0.029961
7.527247	0.025078
7.529200	0.025078
7.531154	0.029961
7.533107	0.029961
7.535060	0.029961
7.537013	0.034844
7.538966	0.029961
7.540919	0.034844
7.542872	0.034844
7.544825	0.034844
7.546778	0.034844
7.548731	0.034844
7.550685	0.034844
7.552638	0.034844
7.554591	0.034844
7.556544	0.034844
7.558497	0.029961
7.560450	0.029961
7.562403	0.029961
7.564356	0.029961
7.566309	0.029961
7.568262	0.029961
7.570216	0.025078
7.572169	0.025078
7.574122	0.020195
7.576075	0.025078
7.578028	0.025078
7.579981	0.025078
7.581934	0.025078
7.583887	0.025078
7.585840	0.020195
7.587793	0.025078
7.589747	0.020195
7.591700	0.020195
7.593653	0.020195
7.595606	0.020195
7.597559	0.020195
7.599512	0.020195
7.601465	0.020195
7.603418	0.020195
7.605371	0.020195
7.607324	0.020195
7.609278	0.020195
7.611231	0.025078
7.613184	0.020195
7.615137	0.020195
7.617090	0.020195
7.619043	0.020195
7.620996	0.020195
7.622949	0.020195
7.624902	0.020195
7.626855	0.025078
7.628809	0.020195
7.630762	0.020195
7.632715	0.020195
7.634668	0.015312
7.636621	0.020195
7.638574	0.029961
7.640527	0.029961
7.642480	0.029961
7.644433	0.034844
7.646386	0.034844
7.648340	0.034844
7.650293	0.034844
7.652246	0.034844
7.654199	0.034844
7.656152	0.034844
7.658105	0.039726
7.660058	0.034844
7.662011	0.039726
7.663964	0.039726
7.665917	0.039726
7.667871	0.039726
7.669824	0.039726
7.671777	0.039726
7.673730	0.039726
7.675683	0.039726
7.677636	0.039726
7.679589	0.039726
7.681542	0.039726
7.683495	0.034844
7.685448	0.034844
7.687402	0.039726
7.689355	0.039726
7.691308	0.039726
7.693261	0.039726
7.695214	0.039726
7.697167	0.044609
7.699120	0.044609
7.701073	0.044609
7.703026	0.039726
7.704979	0.039726
7.706933	0.044609
7.708886	0.039726
7.710839	0.044609
7.712792	0.039726
7.714745	0.039726
7.716698	0.039726
7.718651	0.039726
7.720604	0.039726
7.722557	0.034844
7.724510	0.039726
7.726464	0.039726
7.728417	0.044609
7.730370	0.039726
7.732323	0.039726
7.734276	0.039726
7.736229	0.034844
7.738182	0.039726
7.740135	0.034844
7.742088	0.034844
7.744041	0.029961
7.745995	0.029961
7.747948	0.029961
7.749901	0.029961
7.751854	0.029961
7.753807	0.025078
7.755760	0.025078
7.757713	0.025078
7.759666	0.020195
7.761619	0.020195
7.763572	0.025078
7.765526	0.025078
7.767479	0.025078
7.769432	0.025078
7.771385	0.025078
7.773338	0.025078
7.775291	0.020195
7.777244	0.025078
7.779197	0.025078
7.781150	0.025078
7.783103	0.029961
7.785057	0.029961
7.787010	0.029961
7.788963	0.029961
7.790916	0.029961
7.792869	0.029961
7.794822	0.029961
7.796775	0.029961
7.798728	0.034844
7.800681	0.034844
7.802634	0.034844
7.804588	0.034844
7.806541	0.034844
7.808494	0.034844
7.810447	0.034844
7.812400	0.034844
7.814353	0.034844
7.816306	0.034844
7.818259	0.034844
7.820212	0.044609
7.822165	0.034844
7.824119	0.034844
7.826072	0.039726
7.828025	0.034844
7.829978	0.034844
7.831931	0.034844
7.833884	0.039726
7.835837	0.039726
7.837790	0.039726
7.839743	0.039726
7.841696	0.039726
7.843650	0.039726
7.845603	0.039726
7.847556	0.039726
7.849509	0.039726
7.851462	0.039726
7.853415	0.039726
7.855368	0.039726
7.857321	0.039726
7.859274	0.039726
7.861227	0.039726
7.863181	0.039726
7.865134	0.039726
7.867087	0.034844
7.869040	0.039726
7.870993	0.039726
7.872946	0.039726
7.874899	0.034844
7.876852	0.039726
7.878805	0.039726
7.880758	0.039726
7.882712	0.039726
7.884665	0.039726
7.886618	0.039726
7.888571	0.034844
7.890524	0.039726
7.892477	0.039726
7.894430	0.034844
7.896383	0.034844
7.898336	0.034844
7.900289	0.034844
7.902243	0.034844
7.904196	0.034844
7.906149	0.034844
7.908102	0.034844
7.910055	0.034844
7.912008	0.034844
7.913961	0.034844
7.915914	0.034844
7.917867	0.039726
7.919820	0.034844
7.921774	0.034844
7.923727	0.029961
7.925680	0.034844
7.927633	0.034844
7.929586	0.034844
7.931539	0.034844
7.933492	0.034844
7.935445	0.034844
7.937398	0.034844
7.939351	0.034844
7.941305	0.034844
7.943258	0.034844
7.945211	0.034844
7.947164	0.034844
7.949117	0.034844
7.951070	0.034844
7.953023	0.034844
7.954976	0.034844
7.956929	0.034844
7.958882	0.039726
7.960836	0.034844
7.962789	0.034844
7.964742	0.034844
7.966695	0.039726
7.968648	0.029961
7.970601	0.034844
7.972554	0.034844
7.974507	0.034844
7.976460	0.034844
7.978413	0.034844
7.980367	0.034844
7.982320	0.039726
7.984273	0.034844
7.986226	0.034844
7.988179	0.034844
7.990132	0.034844
7.992085	0.029961
7.994038	0.034844
7.995991	0.034844
7.997944	0.039726
