0.000000	-0.736398
0.001953	-0.721749
0.003906	-0.697335
0.005859	-0.692452
0.007812	-0.687569
0.009765	-0.697335
0.011719	-0.697335
0.013672	-0.692452
0.015625	-0.687569
0.017578	-0.697335
0.019531	-0.687569
0.021484	-0.682687
0.023437	-0.677804
0.025390	-0.687569
0.027343	-0.697335
0.029296	-0.692452
0.031250	-0.692452
0.033203	-0.702218
0.035156	-0.702218
0.037109	-0.697335
0.039062	-0.692452
0.041015	-0.692452
0.042968	-0.697335
0.044921	-0.692452
0.046874	-0.687569
0.048827	-0.697335
0.050781	-0.697335
0.052734	-0.687569
0.054687	-0.692452
0.056640	-0.692452
0.058593	-0.682687
0.060546	-0.692452
0.062499	-0.697335
0.064452	-0.697335
0.066405	-0.682687
0.068358	-0.687569
0.070312	-0.687569
0.072265	-0.687569
0.074218	-0.692452
0.076171	-0.687569
0.078124	-0.687569
0.080077	-0.687569
0.082030	-0.687569
0.083983	-0.692452
0.085936	-0.677804
0.087889	-0.687569
0.089843	-0.687569
0.091796	-0.692452
0.093749	-0.702218
0.095702	-0.687569
0.097655	-0.692452
0.099608	-0.707101
0.101561	-0.682687
0.103514	-0.682687
0.105467	-0.687569
0.107420	-0.687569
0.109374	-0.682687
0.111327	-0.692452
0.113280	-0.677804
0.115233	-0.677804
0.117186	-0.687569
0.119139	-0.668038
0.121092	-0.677804
0.123045	-0.687569
0.124998	-0.687569
0.126951	-0.692452
0.128905	-0.682687
0.130858	-0.692452
0.132811	-0.692452
0.134764	-0.687569
0.136717	-0.682687
0.138670	-0.682687
0.140623	-0.687569
0.142576	-0.687569
0.144529	-0.697335
0.146482	-0.682687
0.148436	-0.682687
0.150389	-0.687569
0.152342	-0.672921
0.154295	-0.682687
0.156248	-0.687569
0.158201	-0.687569
0.160154	-0.692452
0.162107	-0.677804
0.164060	-0.682687
0.166013	-0.687569
0.167967	-0.677804
0.169920	-0.692452
0.171873	-0.687569
0.173826	-0.687569
0.175779	-0.697335
0.177732	-0.707101
0.179685	-0.692452
0.181638	-0.687569
0.183591	-0.697335
0.185544	-0.692452
0.187498	-0.702218
0.189451	-0.697335
0.191404	-0.702218
0.193357	-0.711983
0.195310	-0.697335
0.197263	-0.702218
0.199216	-0.692452
0.201169	-0.702218
0.203122	-0.697335
0.205075	-0.692452
0.207029	-0.692452
0.208982	-0.687569
0.210935	-0.716866
0.212888	-0.692452
0.214841	-0.711983
0.216794	-0.711983
0.218747	-0.692452
0.220700	-0.702218
0.222653	-0.711983
0.224606	-0.707101
0.226560	-0.716866
0.228513	-0.692452
0.230466	-0.707101
0.232419	-0.707101
0.234372	-0.711983
0.236325	-0.697335
0.238278	-0.702218
0.240231	-0.702218
0.242184	-0.707101
0.244137	-0.711983
0.246091	-0.707101
0.248044	-0.702218
0.249997	-0.697335
0.251950	-0.702218
0.253903	-0.702218
0.255856	-0.697335
0.257809	-0.697335
0.259762	-0.707101
0.261715	-0.702218
0.263668	-0.702218
0.265622	-0.736398
0.267575	-0.707101
0.269528	-0.697335
0.271481	-0.702218
0.273434	-0.702218
0.275387	-0.702218
0.277340	-0.731515
0.279293	-0.716866
0.281246	-0.707101
0.283199	-0.702218
0.285153	-0.707101
0.287106	-0.702218
0.289059	-0.702218
0.291012	-0.702218
0.292965	-0.702218
0.294918	-0.702218
0.296871	-0.702218
0.298824	-0.707101
0.300777	-0.702218
0.302730	-0.692452
0.304684	-0.692452
0.306637	-0.702218
0.308590	-0.692452
0.310543	-0.697335
0.312496	-0.687569
0.314449	-0.697335
0.316402	-0.697335
0.318355	-0.692452
0.320308	-0.692452
0.322261	-0.692452
0.324215	-0.697335
0.326168	-0.697335
0.328121	-0.692452
0.330074	-0.677804
0.332027	-0.692452
0.333980	-0.692452
0.335933	-0.672921
0.337886	-0.682687
0.339839	-0.687569
0.341792	-0.687569
0.343746	-0.692452
0.345699	-0.687569
0.347652	-0.692452
0.349605	-0.692452
0.351558	-0.682687
0.353511	-0.682687
0.355464	-0.682687
0.357417	-0.677804
0.359370	-0.677804
0.361323	-0.682687
0.363277	-0.687569
0.365230	-0.687569
0.367183	-0.687569
0.369136	-0.677804
0.371089	-0.677804
0.373042	-0.682687
0.374995	-0.682687
0.376948	-0.687569
0.378901	-0.682687
0.380854	-0.687569
0.382808	-0.687569
0.384761	-0.687569
0.386714	-0.682687
0.388667	-0.682687
0.390620	-0.687569
0.392573	-0.687569
0.394526	-0.682687
0.396479	-0.687569
0.398432	-0.682687
0.400385	-0.692452
0.402339	-0.692452
0.404292	-0.711983
0.406245	-0.692452
0.408198	-0.677804
0.410151	-0.687569
0.412104	-0.677804
0.414057	-0.682687
0.416010	-0.687569
0.417963	-0.687569
0.419916	-0.677804
0.421870	-0.682687
0.423823	-0.682687
0.425776	-0.687569
0.427729	-0.702218
0.429682	-0.682687
0.431635	-0.687569
0.433588	-0.692452
0.435541	-0.672921
0.437494	-0.682687
0.439447	-0.682687
0.441401	-0.687569
0.443354	-0.702218
0.445307	-0.692452
0.447260	-0.687569
0.449213	-0.682687
0.451166	-0.702218
0.453119	-0.682687
0.455072	-0.682687
0.457025	-0.677804
0.458978	-0.682687
0.460932	-0.687569
0.462885	-0.687569
0.464838	-0.682687
0.466791	-0.687569
0.468744	-0.692452
0.470697	-0.687569
0.472650	-0.682687
0.474603	-0.692452
0.476556	-0.692452
0.478509	-0.687569
0.480463	-0.677804
0.482416	-0.682687
0.484369	-0.692452
0.486322	-0.682687
0.488275	-0.677804
0.490228	-0.677804
0.492181	-0.682687
0.494134	-0.677804
0.496087	-0.672921
0.498040	-0.672921
0.499994	-0.677804
0.501947	-0.672921
0.503900	-0.677804
0.505853	-0.677804
0.507806	-0.682687
0.509759	-0.687569
0.511712	-0.682687
0.513665	-0.682687
0.515618	-0.697335
0.517571	-0.677804
0.519525	-0.668038
0.521478	-0.682687
0.523431	-0.677804
0.525384	-0.687569
0.527337	-0.687569
0.529290	-0.677804
0.531243	-0.687569
0.533196	-0.682687
0.535149	-0.682687
0.537102	-0.677804
0.539056	-0.682687
0.541009	-0.687569
0.542962	-0.677804
0.544915	-0.682687
0.546868	-0.682687
0.548821	-0.687569
0.550774	-0.682687
0.552727	-0.672921
0.554680	-0.692452
0.556633	-0.687569
0.558587	-0.672921
0.560540	-0.702218
0.562493	-0.687569
0.564446	-0.687569
0.566399	3.677665
0.568352	3.711845
0.570305	3.760673
0.572258	3.746024
0.574211	3.750907
0.576164	3.750907
0.578118	3.750907
0.580071	3.765556
0.582024	3.770438
0.583977	3.775321
0.585930	3.780204
0.587883	3.770438
0.589836	3.775321
0.591789	3.770438
0.593742	3.765556
0.595695	3.770438
0.597649	3.770438
0.599602	3.765556
0.601555	3.765556
0.603508	3.775321
0.605461	3.765556
0.607414	3.770438
0.609367	3.746024
0.611320	3.750907
0.613273	3.755790
0.615226	3.750907
0.617180	3.755790
0.619133	3.775321
0.621086	3.760673
0.623039	3.755790
0.624992	3.770438
0.626945	3.760673
0.628898	3.765556
0.630851	3.770438
0.632804	3.765556
0.634757	3.770438
0.636711	3.770438
0.638664	3.760673
0.640617	3.770438
0.642570	3.765556
0.644523	3.755790
0.646476	3.765556
0.648429	3.746024
0.650382	3.750907
0.652335	3.765556
0.654288	3.760673
0.656242	3.760673
0.658195	3.760673
0.660148	3.755790
0.662101	3.765556
0.664054	3.755790
0.666007	3.760673
0.667960	3.765556
0.669913	3.770438
0.671866	3.765556
0.673819	3.765556
0.675773	3.760673
0.677726	3.750907
0.679679	3.760673
0.681632	3.760673
0.683585	3.760673
0.685538	-0.355538
0.687491	-0.379952
0.689444	-0.404366
0.691397	-0.423898
0.693350	-0.448312
0.695304	-0.467843
0.697257	-0.487374
0.699210	-0.502023
0.701163	-0.511788
0.703116	-0.531319
0.705069	-0.550851
0.707022	-0.570382
0.708975	-0.585030
0.710928	-0.599679
0.712881	-0.604562
0.714835	-0.624093
0.716788	-0.628976
0.718741	-0.628976
0.720694	-0.638741
0.722647	-0.643624
0.724600	-0.648507
0.726553	-0.653390
0.728506	-0.648507
0.730459	-0.663155
0.732412	-0.653390
0.734366	-0.663155
0.736319	-0.663155
0.738272	-0.672921
0.740225	-0.672921
0.742178	-0.672921
0.744131	-0.682687
0.746084	-0.668038
0.748037	-0.672921
0.749990	-0.682687
0.751943	-0.677804
0.753897	-0.682687
0.755850	-0.682687
0.757803	-0.677804
0.759756	-0.687569
0.761709	-0.672921
0.763662	-0.672921
0.765615	-0.682687
0.767568	-0.682687
0.769521	-0.677804
0.771474	-0.687569
0.773428	-0.672921
0.775381	-0.672921
0.777334	-0.687569
0.779287	-0.668038
0.781240	-0.677804
0.783193	-0.677804
0.785146	-0.668038
0.787099	-0.682687
0.789052	-0.677804
0.791005	-0.677804
0.792959	-0.687569
0.794912	-0.692452
0.796865	-0.677804
0.798818	-0.682687
0.800771	-0.687569
0.802724	-0.682687
0.804677	-0.692452
0.806630	-0.692452
0.808583	-0.692452
0.810536	-0.697335
0.812490	-0.687569
0.814443	-0.692452
0.816396	-0.687569
0.818349	-0.687569
0.820302	-0.692452
0.822255	-0.702218
0.824208	-0.702218
0.826161	-0.697335
0.828114	-0.697335
0.830067	-0.692452
0.832021	-0.702218
0.833974	-0.692452
0.835927	-0.687569
0.837880	-0.697335
0.839833	-0.692452
0.841786	-0.692452
0.843739	-0.702218
0.845692	-0.697335
0.847645	-0.697335
0.849598	-0.702218
0.851552	-0.697335
0.853505	-0.697335
0.855458	-0.702218
0.857411	-0.697335
0.859364	-0.697335
0.861317	-0.702218
0.863270	-0.702218
0.865223	-0.702218
0.867176	-0.707101
0.869129	-0.692452
0.871083	-0.697335
0.873036	-0.702218
0.874989	-0.702218
0.876942	-0.702218
0.878895	-0.697335
0.880848	-0.697335
0.882801	-0.697335
0.884754	-0.692452
0.886707	-0.697335
0.888660	-0.697335
0.890614	-0.697335
0.892567	-0.697335
0.894520	-0.707101
0.896473	-0.697335
0.898426	-0.702218
0.900379	-0.702218
0.902332	-0.692452
0.904285	-0.702218
0.906238	-0.707101
0.908191	-0.702218
0.910145	-0.721749
0.912098	-0.702218
0.914051	-0.702218
0.916004	-0.707101
0.917957	-0.697335
0.919910	-0.702218
0.921863	-0.707101
0.923816	-0.711983
0.925769	-0.711983
0.927722	-0.711983
0.929676	-0.721749
0.931629	-0.721749
0.933582	-0.726632
0.935535	-0.721749
0.937488	-0.731515
0.939441	-0.726632
0.941394	-0.726632
0.943347	-0.731515
0.945300	-0.731515
0.947253	-0.731515
0.949207	-0.731515
0.951160	-0.726632
0.953113	-0.726632
0.955066	-0.731515
0.957019	-0.731515
0.958972	-0.736398
0.960925	-0.741280
0.962878	-0.736398
0.964831	-0.736398
0.966784	-0.736398
0.968738	-0.726632
0.970691	-0.731515
0.972644	-0.731515
0.974597	-0.731515
0.976550	-0.741280
0.978503	-0.736398
0.980456	-0.746163
0.982409	-0.741280
0.984362	-0.741280
0.986315	-0.736398
0.988269	-0.741280
0.990222	-0.746163
0.992175	-0.741280
0.994128	-0.746163
0.996081	-0.741280
0.998034	-0.746163
0.999987	-0.746163
1.001940	-0.736398
1.003893	-0.741280
1.005846	-0.726632
1.007800	-0.721749
1.009753	-0.731515
1.011706	-0.726632
1.013659	-0.726632
1.015612	-0.726632
1.017565	-0.726632
1.019518	-0.716866
1.021471	-0.721749
1.023424	-0.721749
1.025377	-0.721749
1.027331	-0.726632
1.029284	-0.721749
1.031237	-0.721749
1.033190	-0.721749
1.035143	-0.716866
1.037096	-0.721749
1.039049	-0.716866
1.041002	-0.716866
1.042955	-0.736398
1.044908	-0.731515
1.046862	-0.731515
1.048815	-0.731515
1.050768	-0.731515
1.052721	-0.721749
1.054674	-0.741280
1.056627	-0.741280
1.058580	-0.721749
1.060533	-0.726632
1.062486	-0.721749
1.064439	-0.721749
1.066393	-0.721749
1.068346	-0.721749
1.070299	-0.716866
1.072252	-0.711983
1.074205	-0.711983
1.076158	-0.716866
1.078111	-0.716866
1.080064	-0.711983
1.082017	-0.716866
1.083970	-0.716866
1.085924	-0.711983
1.087877	-0.716866
1.089830	-0.716866
1.091783	-0.716866
1.093736	-0.721749
1.095689	-0.711983
1.097642	-0.711983
1.099595	-0.711983
1.101548	-0.702218
1.103501	-0.707101
1.105455	-0.707101
1.107408	-0.707101
1.109361	-0.707101
1.111314	-0.711983
1.113267	-0.707101
1.115220	-0.707101
1.117173	-0.707101
1.119126	-0.697335
1.121079	-0.707101
1.123032	-0.702218
1.124986	-0.702218
1.126939	-0.711983
1.128892	-0.702218
1.130845	-0.702218
1.132798	-0.707101
1.134751	-0.702218
1.136704	-0.707101
1.138657	-0.707101
1.140610	-0.711983
1.142563	-0.702218
1.144517	-0.707101
1.146470	-0.702218
1.148423	-0.707101
1.150376	-0.707101
1.152329	-0.702218
1.154282	-0.702218
1.156235	-0.707101
1.158188	-0.707101
1.160141	-0.711983
1.162094	-0.702218
1.164048	-0.707101
1.166001	-0.707101
1.167954	-0.702218
1.169907	-0.707101
1.171860	-0.707101
1.173813	-0.711983
1.175766	-0.707101
1.177719	-0.711983
1.179672	-0.702218
1.181625	-0.707101
1.183579	-0.707101
1.185532	-0.697335
1.187485	-0.707101
1.189438	-0.702218
1.191391	-0.707101
1.193344	-0.711983
1.195297	-0.711983
1.197250	-0.702218
1.199203	-0.707101
1.201156	-0.707101
1.203110	-0.702218
1.205063	-0.711983
1.207016	-0.707101
1.208969	-0.707101
1.210922	-0.716866
1.212875	-0.707101
1.214828	-0.711983
1.216781	-0.716866
1.218734	-0.702218
1.220687	-0.707101
1.222641	-0.707101
1.224594	-0.707101
1.226547	-0.711983
1.228500	-0.707101
1.230453	-0.711983
1.232406	-0.702218
1.234359	-0.711983
1.236312	-0.707101
1.238265	-0.711983
1.240218	-0.702218
1.242172	-0.707101
1.244125	-0.716866
1.246078	-0.707101
1.248031	-0.711983
1.249984	-0.711983
1.251937	-0.707101
1.253890	-0.707101
1.255843	-0.711983
1.257796	-0.707101
1.259749	-0.711983
1.261703	-0.707101
1.263656	-0.707101
1.265609	-0.711983
1.267562	-0.707101
1.269515	-0.702218
1.271468	-0.711983
1.273421	-0.711983
1.275374	-0.707101
1.277327	-0.711983
1.279280	-0.702218
1.281234	-0.707101
1.283187	-0.711983
1.285140	-0.707101
1.287093	-0.707101
1.289046	-0.707101
1.290999	-0.707101
1.292952	-0.721749
1.294905	-0.711983
1.296858	-0.799874
1.298811	-0.711983
1.300765	-0.711983
1.302718	-0.716866
1.304671	-0.721749
1.306624	-0.707101
1.308577	-0.765694
1.310530	-0.726632
1.312483	-0.716866
1.314436	-0.716866
1.316389	-0.721749
1.318342	-0.711983
1.320296	-0.711983
1.322249	-0.716866
1.324202	-0.707101
1.326155	-0.721749
1.328108	-0.716866
1.330061	-0.716866
1.332014	-0.707101
1.333967	-0.711983
1.335920	-0.707101
1.337873	-0.707101
1.339827	-0.716866
1.341780	-0.707101
1.343733	-0.711983
1.345686	-0.702218
1.347639	-0.707101
1.349592	-0.711983
1.351545	-0.711983
1.353498	-0.721749
1.355451	-0.716866
1.357404	-0.711983
1.359358	-0.711983
1.361311	-0.711983
1.363264	-0.707101
1.365217	-0.702218
1.367170	-0.702218
1.369123	-0.697335
1.371076	-0.702218
1.373029	-0.702218
1.374982	-0.702218
1.376935	-0.707101
1.378889	-0.697335
1.380842	-0.702218
1.382795	-0.702218
1.384748	-0.697335
1.386701	-0.702218
1.388654	-0.702218
1.390607	-0.702218
1.392560	-0.702218
1.394513	-0.711983
1.396466	3.638602
1.398420	3.677665
1.400373	3.697196
1.402326	3.726493
1.404279	3.736259
1.406232	3.731376
1.408185	3.731376
1.410138	3.721610
1.412091	3.731376
1.414044	3.731376
1.415997	3.731376
1.417951	3.741142
1.419904	3.746024
1.421857	3.746024
1.423810	3.741142
1.425763	3.746024
1.427716	3.741142
1.429669	3.746024
1.431622	3.741142
1.433575	3.736259
1.435528	3.746024
1.437482	3.746024
1.439435	3.746024
1.441388	3.746024
1.443341	3.741142
1.445294	3.750907
1.447247	3.746024
1.449200	3.731376
1.451153	3.746024
1.453106	3.750907
1.455059	3.741142
1.457013	3.746024
1.458966	3.731376
1.460919	3.721610
1.462872	3.731376
1.464825	3.731376
1.466778	3.726493
1.468731	3.741142
1.470684	3.736259
1.472637	3.736259
1.474590	3.736259
1.476544	3.731376
1.478497	3.736259
1.480450	3.736259
1.482403	3.736259
1.484356	3.741142
1.486309	3.741142
1.488262	3.746024
1.490215	3.750907
1.492168	3.746024
1.494121	3.736259
1.496075	3.746024
1.498028	3.750907
1.499981	3.746024
1.501934	3.755790
1.503887	3.760673
1.505840	3.760673
1.507793	3.760673
1.509746	3.750907
1.511699	3.755790
1.513652	3.750907
1.515606	-0.350655
1.517559	-0.379952
1.519512	-0.394601
1.521465	-0.419015
1.523418	-0.438546
1.525371	-0.458077
1.527324	-0.482491
1.529277	-0.497140
1.531230	-0.516671
1.533183	-0.531319
1.535137	-0.541085
1.537090	-0.560616
1.539043	-0.575265
1.540996	-0.589913
1.542949	-0.609444
1.544902	-0.619210
1.546855	-0.624093
1.548808	-0.633858
1.550761	-0.638741
1.552714	-0.633858
1.554668	-0.648507
1.556621	-0.648507
1.558574	-0.648507
1.560527	-0.653390
1.562480	-0.648507
1.564433	-0.653390
1.566386	-0.658273
1.568339	-0.648507
1.570292	-0.668038
1.572245	-0.663155
1.574199	-0.658273
1.576152	-0.663155
1.578105	-0.658273
1.580058	-0.658273
1.582011	-0.658273
1.583964	-0.663155
1.585917	-0.658273
1.587870	-0.668038
1.589823	-0.668038
1.591776	-0.677804
1.593730	-0.726632
1.595683	-0.677804
1.597636	-0.672921
1.599589	-0.672921
1.601542	-0.672921
1.603495	-0.692452
1.605448	-0.687569
1.607401	-0.692452
1.609354	-0.687569
1.611307	-0.687569
1.613261	-0.677804
1.615214	-0.677804
1.617167	-0.682687
1.619120	-0.677804
1.621073	-0.682687
1.623026	-0.682687
1.624979	-0.682687
1.626932	-0.687569
1.628885	-0.677804
1.630838	-0.687569
1.632792	-0.687569
1.634745	-0.682687
1.636698	-0.687569
1.638651	-0.702218
1.640604	-0.692452
1.642557	-0.697335
1.644510	-0.697335
1.646463	-0.687569
1.648416	-0.692452
1.650369	-0.692452
1.652323	-0.687569
1.654276	-0.697335
1.656229	-0.692452
1.658182	-0.697335
1.660135	-0.702218
1.662088	-0.692452
1.664041	-0.692452
1.665994	-0.692452
1.667947	-0.687569
1.669900	-0.692452
1.671854	-0.692452
1.673807	-0.697335
1.675760	-0.692452
1.677713	-0.702218
1.679666	-0.692452
1.681619	-0.692452
1.683572	-0.697335
1.685525	-0.692452
1.687478	-0.702218
1.689431	-0.697335
1.691385	-0.702218
1.693338	-0.702218
1.695291	-0.697335
1.697244	-0.697335
1.699197	-0.702218
1.701150	-0.692452
1.703103	-0.692452
1.705056	-0.697335
1.707009	-0.702218
1.708962	-0.697335
1.710916	-0.702218
1.712869	-0.692452
1.714822	-0.692452
1.716775	-0.697335
1.718728	-0.682687
1.720681	-0.697335
1.722634	-0.697335
1.724587	-0.702218
1.726540	-0.707101
1.728493	-0.697335
1.730447	-0.697335
1.732400	-0.702218
1.734353	-0.697335
1.736306	-0.692452
1.738259	-0.702218
1.740212	-0.702218
1.742165	-0.702218
1.744118	-0.702218
1.746071	-0.697335
1.748024	-0.697335
1.749978	-0.702218
1.751931	-0.692452
1.753884	-0.697335
1.755837	-0.697335
1.757790	-0.702218
1.759743	-0.707101
1.761696	-0.702218
1.763649	-0.702218
1.765602	-0.697335
1.767555	-0.697335
1.769509	-0.721749
1.771462	-0.707101
1.773415	-0.702218
1.775368	-0.697335
1.777321	-0.692452
1.779274	-0.687569
1.781227	-0.692452
1.783180	-0.692452
1.785133	-0.682687
1.787086	-0.702218
1.789040	-0.702218
1.790993	-0.702218
1.792946	-0.697335
1.794899	-0.707101
1.796852	-0.707101
1.798805	-0.702218
1.800758	-0.707101
1.802711	-0.692452
1.804664	-0.697335
1.806617	-0.697335
1.808571	-0.707101
1.810524	-0.711983
1.812477	-0.702218
1.814430	-0.702218
1.816383	-0.707101
1.818336	-0.692452
1.820289	-0.702218
1.822242	-0.707101
1.824195	-0.726632
1.826148	-0.707101
1.828102	-0.702218
1.830055	-0.702218
1.832008	-0.697335
1.833961	-0.707101
1.835914	-0.697335
1.837867	-0.707101
1.839820	-0.711983
1.841773	-0.716866
1.843726	-0.711983
1.845679	-0.721749
1.847633	-0.702218
1.849586	-0.702218
1.851539	-0.692452
1.853492	-0.702218
1.855445	-0.702218
1.857398	-0.702218
1.859351	-0.702218
1.861304	-0.702218
1.863257	-0.702218
1.865210	-0.702218
1.867164	-0.692452
1.869117	-0.692452
1.871070	-0.726632
1.873023	-0.707101
1.874976	-0.702218
1.876929	-0.707101
1.878882	-0.707101
1.880835	-0.711983
1.882788	-0.707101
1.884741	-0.687569
1.886695	-0.692452
1.888648	-0.692452
1.890601	-0.687569
1.892554	-0.692452
1.894507	-0.692452
1.896460	-0.687569
1.898413	-0.687569
1.900366	-0.692452
1.902319	-0.687569
1.904272	-0.692452
1.906226	-0.692452
1.908179	-0.697335
1.910132	-0.702218
1.912085	-0.697335
1.914038	-0.697335
1.915991	-0.702218
1.917944	-0.692452
1.919897	-0.692452
1.921850	-0.702218
1.923803	-0.697335
1.925757	-0.702218
1.927710	-0.707101
1.929663	-0.775460
1.931616	-0.746163
1.933569	-0.711983
1.935522	-0.741280
1.937475	-0.751046
1.939428	-0.731515
1.941381	-0.716866
1.943334	-0.721749
1.945288	-0.711983
1.947241	-0.716866
1.949194	-0.707101
1.951147	-0.702218
1.953100	-0.707101
1.955053	-0.726632
1.957006	-0.697335
1.958959	-0.702218
1.960912	-0.716866
1.962865	-0.711983
1.964819	-0.697335
1.966772	-0.702218
1.968725	-0.697335
1.970678	-0.702218
1.972631	-0.702218
1.974584	-0.707101
1.976537	-0.721749
1.978490	-0.707101
1.980443	-0.702218
1.982396	-0.716866
1.984350	-0.702218
1.986303	-0.697335
1.988256	-0.707101
1.990209	-0.707101
1.992162	-0.711983
1.994115	-0.711983
1.996068	-0.721749
1.998021	-0.711983
1.999974	-0.711983
2.001927	-0.707101
2.003881	-0.716866
2.005834	-0.726632
2.007787	-0.736398
2.009740	-0.731515
2.011693	-0.731515
2.013646	-0.707101
2.015599	-0.711983
2.017552	-0.707101
2.019505	-0.707101
2.021458	-0.711983
2.023412	-0.711983
2.025365	-0.707101
2.027318	-0.711983
2.029271	-0.711983
2.031224	-0.716866
2.033177	-0.711983
2.035130	-0.707101
2.037083	-0.707101
2.039036	-0.702218
2.040989	-0.707101
2.042943	-0.702218
2.044896	-0.707101
2.046849	-0.707101
2.048802	-0.711983
2.050755	-0.707101
2.052708	-0.707101
2.054661	-0.716866
2.056614	-0.707101
2.058567	-0.707101
2.060520	-0.721749
2.062474	-0.711983
2.064427	-0.707101
2.066380	-0.716866
2.068333	-0.711983
2.070286	-0.711983
2.072239	-0.716866
2.074192	-0.716866
2.076145	-0.716866
2.078098	-0.711983
2.080051	-0.711983
2.082005	-0.711983
2.083958	-0.711983
2.085911	-0.707101
2.087864	-0.711983
2.089817	-0.711983
2.091770	-0.711983
2.093723	-0.726632
2.095676	-0.711983
2.097629	-0.716866
2.099582	-0.726632
2.101536	-0.711983
2.103489	-0.711983
2.105442	-0.721749
2.107395	-0.711983
2.109348	-0.721749
2.111301	-0.721749
2.113254	-0.716866
2.115207	-0.711983
2.117160	-0.716866
2.119113	-0.711983
2.121067	-0.711983
2.123020	-0.716866
2.124973	-0.707101
2.126926	-0.716866
2.128879	-0.711983
2.130832	-0.711983
2.132785	-0.711983
2.134738	-0.707101
2.136691	-0.707101
2.138644	-0.707101
2.140598	-0.707101
2.142551	-0.711983
2.144504	-0.711983
2.146457	-0.711983
2.148410	-0.716866
2.150363	-0.711983
2.152316	-0.711983
2.154269	-0.711983
2.156222	-0.707101
2.158175	-0.711983
2.160129	-0.721749
2.162082	-0.711983
2.164035	-0.707101
2.165988	-0.716866
2.167941	-0.716866
2.169894	-0.716866
2.171847	-0.721749
2.173800	-0.726632
2.175753	-0.721749
2.177706	-0.716866
2.179660	-0.721749
2.181613	-0.726632
2.183566	-0.726632
2.185519	-0.716866
2.187472	-0.731515
2.189425	-0.731515
2.191378	-0.726632
2.193331	3.594657
2.195284	3.633720
2.197237	3.658134
2.199191	3.667899
2.201144	3.682548
2.203097	3.716727
2.205050	3.711845
2.207003	3.716727
2.208956	3.716727
2.210909	3.706962
2.212862	3.731376
2.214815	3.731376
2.216768	3.736259
2.218722	3.755790
2.220675	3.750907
2.222628	3.760673
2.224581	3.755790
2.226534	3.746024
2.228487	3.755790
2.230440	3.750907
2.232393	3.746024
2.234346	3.760673
2.236299	3.765556
2.238253	3.760673
2.240206	3.765556
2.242159	3.760673
2.244112	3.755790
2.246065	3.760673
2.248018	3.765556
2.249971	3.760673
2.251924	3.775321
2.253877	3.765556
2.255830	3.770438
2.257784	3.770438
2.259737	3.770438
2.261690	3.775321
2.263643	3.775321
2.265596	3.775321
2.267549	3.780204
2.269502	3.785087
2.271455	3.780204
2.273408	3.775321
2.275361	3.775321
2.277315	3.775321
2.279268	3.780204
2.281221	3.775321
2.283174	3.765556
2.285127	3.780204
2.287080	3.775321
2.289033	3.775321
2.290986	3.780204
2.292939	3.765556
2.294892	3.770438
2.296846	3.765556
2.298799	3.775321
2.300752	3.775321
2.302705	3.780204
2.304658	3.780204
2.306611	3.780204
2.308564	3.775321
2.310517	3.765556
2.312470	3.770438
2.314423	3.775321
2.316377	-0.340890
2.318330	-0.350655
2.320283	-0.389718
2.322236	-0.399483
2.324189	-0.423898
2.326142	-0.438546
2.328095	-0.458077
2.330048	-0.472726
2.332001	-0.492257
2.333954	-0.511788
2.335908	-0.511788
2.337861	-0.545968
2.339814	-0.550851
2.341767	-0.570382
2.343720	-0.589913
2.345673	-0.594796
2.347626	-0.604562
2.349579	-0.614327
2.351532	-0.614327
2.353485	-0.624093
2.355439	-0.633858
2.357392	-0.633858
2.359345	-0.638741
2.361298	-0.638741
2.363251	-0.628976
2.365204	-0.633858
2.367157	-0.633858
2.369110	-0.628976
2.371063	-0.638741
2.373016	-0.643624
2.374970	-0.643624
2.376923	-0.648507
2.378876	-0.643624
2.380829	-0.648507
2.382782	-0.648507
2.384735	-0.638741
2.386688	-0.648507
2.388641	-0.648507
2.390594	-0.658273
2.392547	-0.658273
2.394501	-0.658273
2.396454	-0.653390
2.398407	-0.658273
2.400360	-0.663155
2.402313	-0.658273
2.404266	-0.663155
2.406219	-0.663155
2.408172	-0.663155
2.410125	-0.672921
2.412078	-0.663155
2.414032	-0.663155
2.415985	-0.668038
2.417938	-0.663155
2.419891	-0.672921
2.421844	-0.668038
2.423797	-0.677804
2.425750	-0.668038
2.427703	-0.672921
2.429656	-0.668038
2.431609	-0.672921
2.433563	-0.677804
2.435516	-0.663155
2.437469	-0.668038
2.439422	-0.668038
2.441375	-0.672921
2.443328	-0.677804
2.445281	-0.682687
2.447234	-0.682687
2.449187	-0.682687
2.451140	-0.687569
2.453094	-0.707101
2.455047	-0.702218
2.457000	-0.707101
2.458953	-0.697335
2.460906	-0.687569
2.462859	-0.677804
2.464812	-0.677804
2.466765	-0.677804
2.468718	-0.677804
2.470671	-0.692452
2.472625	-0.692452
2.474578	-0.687569
2.476531	-0.697335
2.478484	-0.687569
2.480437	-0.687569
2.482390	-0.687569
2.484343	-0.677804
2.486296	-0.682687
2.488249	-0.687569
2.490202	-0.687569
2.492156	-0.687569
2.494109	-0.692452
2.496062	-0.692452
2.498015	-0.692452
2.499968	-0.692452
2.501921	-0.682687
2.503874	-0.687569
2.505827	-0.682687
2.507780	-0.687569
2.509733	-0.697335
2.511687	-0.682687
2.513640	-0.687569
2.515593	-0.687569
2.517546	-0.687569
2.519499	-0.687569
2.521452	-0.687569
2.523405	-0.692452
2.525358	-0.707101
2.527311	-0.707101
2.529264	-0.707101
2.531218	-0.702218
2.533171	-0.707101
2.535124	-0.697335
2.537077	-0.707101
2.539030	-0.697335
2.540983	-0.692452
2.542936	-0.707101
2.544889	-0.692452
2.546842	-0.687569
2.548795	-0.697335
2.550749	-0.692452
2.552702	-0.692452
2.554655	-0.707101
2.556608	-0.711983
2.558561	-0.697335
2.560514	-0.707101
2.562467	-0.702218
2.564420	-0.702218
2.566373	-0.707101
2.568326	-0.702218
2.570280	-0.711983
2.572233	-0.707101
2.574186	-0.702218
2.576139	-0.702218
2.578092	-0.702218
2.580045	-0.716866
2.581998	-0.711983
2.583951	-0.721749
2.585904	-0.707101
2.587857	-0.711983
2.589811	-0.707101
2.591764	-0.721749
2.593717	-0.721749
2.595670	-0.716866
2.597623	-0.711983
2.599576	-0.711983
2.601529	-0.702218
2.603482	-0.716866
2.605435	-0.721749
2.607388	-0.711983
2.609342	-0.711983
2.611295	-0.711983
2.613248	-0.707101
2.615201	-0.707101
2.617154	-0.726632
2.619107	-0.711983
2.621060	-0.726632
2.623013	-0.697335
2.624966	-0.707101
2.626919	-0.716866
2.628873	-0.716866
2.630826	-0.711983
2.632779	-0.711983
2.634732	-0.707101
2.636685	-0.707101
2.638638	-0.697335
2.640591	-0.711983
2.642544	-0.711983
2.644497	-0.707101
2.646450	-0.697335
2.648404	-0.702218
2.650357	-0.702218
2.652310	-0.687569
2.654263	-0.692452
2.656216	-0.697335
2.658169	-0.687569
2.660122	-0.697335
2.662075	-0.687569
2.664028	-0.687569
2.665981	-0.687569
2.667935	-0.687569
2.669888	-0.682687
2.671841	-0.682687
2.673794	-0.687569
2.675747	-0.692452
2.677700	-0.697335
2.679653	-0.682687
2.681606	-0.677804
2.683559	-0.682687
2.685512	-0.677804
2.687466	-0.687569
2.689419	-0.682687
2.691372	-0.687569
2.693325	-0.682687
2.695278	-0.682687
2.697231	-0.682687
2.699184	-0.687569
2.701137	-0.682687
2.703090	-0.682687
2.705043	-0.687569
2.706997	-0.682687
2.708950	-0.682687
2.710903	-0.687569
2.712856	-0.687569
2.714809	-0.687569
2.716762	-0.682687
2.718715	-0.672921
2.720668	-0.677804
2.722621	-0.677804
2.724574	-0.677804
2.726528	-0.682687
2.728481	-0.668038
2.730434	-0.677804
2.732387	-0.677804
2.734340	-0.672921
2.736293	-0.668038
2.738246	-0.672921
2.740199	-0.677804
2.742152	-0.672921
2.744105	-0.677804
2.746059	-0.668038
2.748012	-0.672921
2.749965	-0.677804
2.751918	-0.672921
2.753871	-0.672921
2.755824	-0.677804
2.757777	-0.672921
2.759730	-0.682687
2.761683	-0.677804
2.763636	-0.672921
2.765590	-0.682687
2.767543	-0.677804
2.769496	-0.672921
2.771449	-0.682687
2.773402	-0.682687
2.775355	-0.677804
2.777308	-0.692452
2.779261	-0.687569
2.781214	-0.682687
2.783167	-0.682687
2.785121	-0.682687
2.787074	-0.687569
2.789027	-0.682687
2.790980	-0.677804
2.792933	-0.692452
2.794886	-0.687569
2.796839	-0.687569
2.798792	-0.682687
2.800745	-0.682687
2.802698	-0.672921
2.804652	-0.677804
2.806605	-0.682687
2.808558	-0.682687
2.810511	-0.682687
2.812464	-0.672921
2.814417	-0.677804
2.816370	-0.682687
2.818323	-0.677804
2.820276	-0.677804
2.822229	-0.682687
2.824183	-0.682687
2.826136	-0.682687
2.828089	-0.682687
2.830042	-0.677804
2.831995	-0.677804
2.833948	-0.677804
2.835901	-0.677804
2.837854	-0.682687
2.839807	-0.672921
2.841760	-0.677804
2.843714	-0.687569
2.845667	-0.672921
2.847620	-0.677804
2.849573	-0.682687
2.851526	-0.668038
2.853479	-0.682687
2.855432	-0.677804
2.857385	-0.682687
2.859338	-0.682687
2.861291	-0.672921
2.863245	-0.672921
2.865198	-0.677804
2.867151	-0.677804
2.869104	-0.668038
2.871057	-0.687569
2.873010	-0.682687
2.874963	-0.677804
2.876916	-0.692452
2.878869	-0.672921
2.880822	-0.687569
2.882776	-0.682687
2.884729	-0.677804
2.886682	-0.677804
2.888635	-0.682687
2.890588	-0.692452
2.892541	-0.692452
2.894494	-0.682687
2.896447	-0.682687
2.898400	-0.687569
2.900353	-0.682687
2.902307	-0.677804
2.904260	-0.682687
2.906213	-0.682687
2.908166	-0.677804
2.910119	-0.697335
2.912072	-0.672921
2.914025	-0.682687
2.915978	-0.682687
2.917931	-0.668038
2.919884	-0.672921
2.921838	-0.677804
2.923791	-0.677804
2.925744	-0.687569
2.927697	-0.682687
2.929650	-0.677804
2.931603	-0.677804
2.933556	-0.677804
2.935509	-0.668038
2.937462	-0.672921
2.939415	-0.677804
2.941369	-0.672921
2.943322	-0.682687
2.945275	-0.668038
2.947228	-0.672921
2.949181	-0.682687
2.951134	-0.672921
2.953087	-0.668038
2.955040	-0.672921
2.956993	-0.663155
2.958946	-0.668038
2.960900	-0.672921
2.962853	-0.668038
2.964806	-0.668038
2.966759	-0.668038
2.968712	-0.658273
2.970665	-0.668038
2.972618	-0.668038
2.974571	-0.668038
2.976524	-0.672921
2.978477	-0.663155
2.980431	-0.672921
2.982384	-0.668038
2.984337	-0.668038
2.986290	-0.663155
2.988243	-0.668038
2.990196	-0.668038
2.992149	-0.668038
2.994102	-0.672921
2.996055	-0.672921
2.998008	-0.672921
2.999962	-0.672921
3.001915	-0.663155
3.003868	-0.672921
3.005821	-0.672921
3.007774	-0.668038
3.009727	-0.672921
3.011680	-0.663155
3.013633	-0.668038
3.015586	-0.668038
3.017539	-0.668038
3.019493	-0.668038
3.021446	-0.677804
3.023399	-0.677804
3.025352	3.692313
3.027305	3.702079
3.029258	3.721610
3.031211	3.731376
3.033164	3.741142
3.035117	3.760673
3.037070	3.770438
3.039024	3.780204
3.040977	3.775321
3.042930	3.765556
3.044883	3.775321
3.046836	3.770438
3.048789	3.770438
3.050742	3.770438
3.052695	3.780204
3.054648	3.780204
3.056601	3.780204
3.058555	3.775321
3.060508	3.648368
3.062461	3.775321
3.064414	3.770438
3.066367	3.765556
3.068320	3.775321
3.070273	3.775321
3.072226	3.770438
3.074179	3.785087
3.076132	3.780204
3.078086	3.775321
3.080039	3.775321
3.081992	3.770438
3.083945	3.780204
3.085898	3.785087
3.087851	3.775321
3.089804	3.775321
3.091757	3.780204
3.093710	3.760673
3.095663	3.770438
3.097617	3.785087
3.099570	3.785087
3.101523	3.789970
3.103476	3.785087
3.105429	3.785087
3.107382	3.789970
3.109335	3.785087
3.111288	3.780204
3.113241	3.789970
3.115194	3.789970
3.117148	3.789970
3.119101	3.799735
3.121054	3.794852
3.123007	3.799735
3.124960	3.794852
3.126913	3.785087
3.128866	3.794852
3.130819	3.785087
3.132772	3.789970
3.134725	3.794852
3.136679	3.789970
3.138632	3.794852
3.140585	3.789970
3.142538	3.785087
3.144491	3.789970
3.146444	3.789970
3.148397	-0.326241
3.150350	-0.350655
3.152303	-0.365304
3.154256	-0.394601
3.156210	-0.409249
3.158163	-0.423898
3.160116	-0.453194
3.162069	-0.462960
3.164022	-0.482491
3.165975	-0.502023
3.167928	-0.511788
3.169881	-0.531319
3.171834	-0.545968
3.173787	-0.555733
3.175741	-0.575265
3.177694	-0.589913
3.179647	-0.589913
3.181600	-0.594796
3.183553	-0.604562
3.185506	-0.604562
3.187459	-0.614327
3.189412	-0.614327
3.191365	-0.614327
3.193318	-0.619210
3.195272	-0.614327
3.197225	-0.614327
3.199178	-0.619210
3.201131	-0.614327
3.203084	-0.624093
3.205037	-0.628976
3.206990	-0.628976
3.208943	-0.628976
3.210896	-0.638741
3.212849	-0.624093
3.214803	-0.628976
3.216756	-0.638741
3.218709	-0.628976
3.220662	-0.638741
3.222615	-0.643624
3.224568	-0.638741
3.226521	-0.648507
3.228474	-0.648507
3.230427	-0.643624
3.232380	-0.648507
3.234334	-0.653390
3.236287	-0.648507
3.238240	-0.658273
3.240193	-0.663155
3.242146	-0.663155
3.244099	-0.663155
3.246052	-0.658273
3.248005	-0.672921
3.249958	-0.672921
3.251911	-0.672921
3.253865	-0.677804
3.255818	-0.672921
3.257771	-0.677804
3.259724	-0.682687
3.261677	-0.677804
3.263630	-0.677804
3.265583	-0.682687
3.267536	-0.672921
3.269489	-0.677804
3.271442	-0.687569
3.273396	-0.682687
3.275349	-0.687569
3.277302	-0.692452
3.279255	-0.682687
3.281208	-0.687569
3.283161	-0.687569
3.285114	-0.687569
3.287067	-0.687569
3.289020	-0.687569
3.290973	-0.687569
3.292927	-0.702218
3.294880	-0.692452
3.296833	-0.697335
3.298786	-0.702218
3.300739	-0.692452
3.302692	-0.697335
3.304645	-0.707101
3.306598	-0.697335
3.308551	-0.697335
3.310504	-0.707101
3.312458	-0.702218
3.314411	-0.702218
3.316364	-0.702218
3.318317	-0.697335
3.320270	-0.711983
3.322223	-0.707101
3.324176	-0.702218
3.326129	-0.716866
3.328082	-0.707101
3.330035	-0.711983
3.331989	-0.707101
3.333942	-0.702218
3.335895	-0.702218
3.337848	-0.707101
3.339801	-0.702218
3.341754	-0.702218
3.343707	-0.707101
3.345660	-0.702218
3.347613	-0.702218
3.349566	-0.702218
3.351520	-0.692452
3.353473	-0.697335
3.355426	-0.702218
3.357379	-0.707101
3.359332	-0.711983
3.361285	-0.707101
3.363238	-0.702218
3.365191	-0.702218
3.367144	-0.711983
3.369097	-0.702218
3.371051	-0.711983
3.373004	-0.711983
3.374957	-0.707101
3.376910	-0.711983
3.378863	-0.707101
3.380816	-0.711983
3.382769	-0.707101
3.384722	-0.697335
3.386675	-0.707101
3.388628	-0.702218
3.390582	-0.702218
3.392535	-0.716866
3.394488	-0.707101
3.396441	-0.702218
3.398394	-0.702218
3.400347	-0.707101
3.402300	-0.697335
3.404253	-0.707101
3.406206	-0.702218
3.408159	-0.702218
3.410113	-0.711983
3.412066	-0.707101
3.414019	-0.707101
3.415972	-0.711983
3.417925	-0.702218
3.419878	-0.711983
3.421831	-0.711983
3.423784	-0.711983
3.425737	-0.711983
3.427690	-0.707101
3.429644	-0.702218
3.431597	-0.702218
3.433550	-0.707101
3.435503	-0.697335
3.437456	-0.702218
3.439409	-0.707101
3.441362	-0.702218
3.443315	-0.711983
3.445268	-0.702218
3.447221	-0.702218
3.449175	-0.707101
3.451128	-0.697335
3.453081	-0.702218
3.455034	-0.707101
3.456987	-0.697335
3.458940	-0.702218
3.460893	-0.707101
3.462846	-0.697335
3.464799	-0.697335
3.466752	-0.702218
3.468706	-0.692452
3.470659	-0.702218
3.472612	-0.702218
3.474565	-0.702218
3.476518	-0.716866
3.478471	-0.702218
3.480424	-0.707101
3.482377	-0.711983
3.484330	-0.702218
3.486283	-0.697335
3.488237	-0.702218
3.490190	-0.707101
3.492143	-0.711983
3.494096	-0.707101
3.496049	-0.707101
3.498002	-0.707101
3.499955	-0.707101
3.501908	-0.697335
3.503861	-0.707101
3.505814	-0.711983
3.507768	-0.711983
3.509721	-0.716866
3.511674	-0.711983
3.513627	-0.711983
3.515580	-0.721749
3.517533	-0.711983
3.519486	-0.716866
3.521439	-0.716866
3.523392	-0.711983
3.525345	-0.711983
3.527299	-0.721749
3.529252	-0.711983
3.531205	-0.711983
3.533158	-0.716866
3.535111	-0.716866
3.537064	-0.716866
3.539017	-0.721749
3.540970	-0.721749
3.542923	-0.726632
3.544876	-0.726632
3.546830	-0.707101
3.548783	-0.711983
3.550736	-0.711983
3.552689	-0.711983
3.554642	-0.716866
3.556595	-0.711983
3.558548	-0.711983
3.560501	-0.726632
3.562454	-0.711983
3.564407	-0.711983
3.566361	-0.711983
3.568314	-0.707101
3.570267	-0.711983
3.572220	-0.711983
3.574173	-0.716866
3.576126	-0.726632
3.578079	-0.721749
3.580032	-0.721749
3.581985	-0.726632
3.583938	-0.711983
3.585892	-0.711983
3.587845	-0.711983
3.589798	-0.711983
3.591751	-0.711983
3.593704	-0.716866
3.595657	-0.711983
3.597610	-0.711983
3.599563	-0.711983
3.601516	-0.702218
3.603469	-0.716866
3.605423	-0.711983
3.607376	-0.711983
3.609329	-0.721749
3.611282	-0.711983
3.613235	-0.702218
3.615188	-0.707101
3.617141	-0.707101
3.619094	-0.702218
3.621047	-0.707101
3.623000	-0.707101
3.624954	-0.707101
3.626907	-0.716866
3.628860	-0.697335
3.630813	-0.702218
3.632766	-0.711983
3.634719	-0.697335
3.636672	-0.692452
3.638625	-0.702218
3.640578	-0.702218
3.642531	-0.711983
3.644485	-0.707101
3.646438	-0.707101
3.648391	-0.707101
3.650344	-0.711983
3.652297	-0.707101
3.654250	-0.711983
3.656203	-0.707101
3.658156	-0.711983
3.660109	-0.726632
3.662062	-0.711983
3.664016	-0.716866
3.665969	-0.726632
3.667922	-0.711983
3.669875	-0.716866
3.671828	-0.721749
3.673781	-0.726632
3.675734	-0.721749
3.677687	-0.721749
3.679640	-0.721749
3.681593	-0.721749
3.683547	-0.721749
3.685500	-0.711983
3.687453	-0.716866
3.689406	-0.711983
3.691359	-0.711983
3.693312	-0.716866
3.695265	-0.711983
3.697218	-0.707101
3.699171	-0.716866
3.701124	-0.707101
3.703078	-0.707101
3.705031	-0.711983
3.706984	-0.711983
3.708937	-0.716866
3.710890	-0.711983
3.712843	-0.707101
3.714796	-0.711983
3.716749	-0.711983
3.718702	-0.707101
3.720655	-0.711983
3.722609	-0.716866
3.724562	-0.721749
3.726515	-0.736398
3.728468	-0.711983
3.730421	-0.711983
3.732374	-0.716866
3.734327	-0.711983
3.736280	-0.711983
3.738233	-0.711983
3.740186	-0.716866
3.742140	-0.711983
3.744093	-0.716866
3.746046	-0.711983
3.747999	-0.711983
3.749952	-0.716866
3.751905	-0.707101
3.753858	-0.711983
3.755811	-0.721749
3.757764	-0.711983
3.759717	-0.721749
3.761671	-0.716866
3.763624	-0.716866
3.765577	-0.721749
3.767530	-0.716866
3.769483	-0.716866
3.771436	-0.716866
3.773389	-0.716866
3.775342	-0.726632
3.777295	-0.721749
3.779248	-0.721749
3.781202	-0.721749
3.783155	-0.721749
3.785108	-0.711983
3.787061	-0.716866
3.789014	-0.711983
3.790967	-0.711983
3.792920	-0.716866
3.794873	-0.711983
3.796826	-0.711983
3.798779	-0.707101
3.800733	-0.707101
3.802686	-0.707101
3.804639	-0.707101
3.806592	-0.707101
3.808545	-0.711983
3.810498	-0.711983
3.812451	-0.711983
3.814404	-0.707101
3.816357	-0.707101
3.818310	-0.702218
3.820264	3.609306
3.822217	3.672782
3.824170	3.692313
3.826123	3.687431
3.828076	3.692313
3.830029	3.692313
3.831982	3.692313
3.833935	3.706962
3.835888	3.731376
3.837841	3.731376
3.839795	3.731376
3.841748	3.726493
3.843701	3.721610
3.845654	3.731376
3.847607	3.726493
3.849560	3.726493
3.851513	3.736259
3.853466	3.741142
3.855419	3.746024
3.857372	3.741142
3.859326	3.731376
3.861279	3.736259
3.863232	3.736259
3.865185	3.726493
3.867138	3.731376
3.869091	3.746024
3.871044	3.741142
3.872997	3.741142
3.874950	3.736259
3.876903	3.726493
3.878857	3.741142
3.880810	3.736259
3.882763	3.731376
3.884716	3.746024
3.886669	3.736259
3.888622	3.736259
3.890575	3.741142
3.892528	3.731376
3.894481	3.736259
3.896434	3.736259
3.898388	3.736259
3.900341	3.736259
3.902294	3.746024
3.904247	3.741142
3.906200	3.741142
3.908153	3.746024
3.910106	3.726493
3.912059	3.736259
3.914012	3.736259
3.915965	3.731376
3.917919	3.750907
3.919872	3.741142
3.921825	3.746024
3.923778	3.746024
3.925731	3.736259
3.927684	3.736259
3.929637	3.736259
3.931590	3.741142
3.933543	3.736259
3.935496	3.741142
3.937450	3.736259
3.939403	3.746024
3.941356	3.736259
3.943309	3.731376
3.945262	3.741142
3.947215	3.741142
3.949168	-0.389718
3.951121	-0.404366
3.953074	-0.423898
3.955027	-0.448312
3.956981	-0.472726
3.958934	-0.497140
3.960887	-0.511788
3.962840	-0.516671
3.964793	-0.536202
3.966746	-0.550851
3.968699	-0.555733
3.970652	-0.580148
3.972605	-0.594796
3.974558	-0.609444
3.976512	-0.628976
3.978465	-0.628976
3.980418	-0.633858
3.982371	-0.643624
3.984324	-0.633858
3.986277	-0.653390
3.988230	-0.658273
3.990183	-0.658273
3.992136	-0.668038
3.994089	-0.658273
3.996043	-0.658273
3.997996	-0.658273
3.999949	-0.663155
4.001902	-0.658273
4.003855	-0.668038
4.005808	-0.668038
4.007761	-0.672921
4.009714	-0.677804
4.011667	-0.668038
4.013620	-0.672921
4.015574	-0.672921
4.017527	-0.668038
4.019480	-0.677804
4.021433	-0.682687
4.023386	-0.687569
4.025339	-0.682687
4.027292	-0.692452
4.029245	-0.687569
4.031198	-0.692452
4.033151	-0.687569
4.035105	-0.687569
4.037058	-0.692452
4.039011	-0.687569
4.040964	-0.692452
4.042917	-0.702218
4.044870	-0.697335
4.046823	-0.697335
4.048776	-0.697335
4.050729	-0.697335
4.052682	-0.697335
4.054636	-0.702218
4.056589	-0.702218
4.058542	-0.702218
4.060495	-0.707101
4.062448	-0.702218
4.064401	-0.702218
4.066354	-0.702218
4.068307	-0.697335
4.070260	-0.707101
4.072213	-0.707101
4.074167	-0.702218
4.076120	-0.711983
4.078073	-0.702218
4.080026	-0.697335
4.081979	-0.697335
4.083932	-0.702218
4.085885	-0.702218
4.087838	-0.707101
4.089791	-0.707101
4.091744	-0.707101
4.093698	-0.711983
4.095651	-0.702218
4.097604	-0.711983
4.099557	-0.707101
4.101510	-0.707101
4.103463	-0.707101
4.105416	-0.707101
4.107369	-0.702218
4.109322	-0.716866
4.111275	-0.707101
4.113229	-0.711983
4.115182	-0.711983
4.117135	-0.707101
4.119088	-0.707101
4.121041	-0.716866
4.122994	-0.702218
4.124947	-0.697335
4.126900	-0.711983
4.128853	-0.702218
4.130806	-0.707101
4.132760	-0.702218
4.134713	-0.697335
4.136666	-0.702218
4.138619	-0.707101
4.140572	-0.697335
4.142525	-0.707101
4.144478	-0.707101
4.146431	-0.702218
4.148384	-0.711983
4.150337	-0.711983
4.152291	-0.702218
4.154244	-0.702218
4.156197	-0.702218
4.158150	-0.702218
4.160103	-0.711983
4.162056	-0.702218
4.164009	-0.707101
4.165962	-0.711983
4.167915	-0.702218
4.169868	-0.707101
4.171822	-0.707101
4.173775	-0.711983
4.175728	-0.716866
4.177681	-0.711983
4.179634	-0.702218
4.181587	-0.707101
4.183540	-0.711983
4.185493	-0.702218
4.187446	-0.707101
4.189399	-0.707101
4.191353	-0.707101
4.193306	-0.716866
4.195259	-0.711983
4.197212	-0.711983
4.199165	-0.716866
4.201118	-0.707101
4.203071	-0.711983
4.205024	-0.716866
4.206977	-0.716866
4.208930	-0.741280
4.210884	-0.721749
4.212837	-0.721749
4.214790	-0.721749
4.216743	-0.716866
4.218696	-0.711983
4.220649	-0.716866
4.222602	-0.716866
4.224555	-0.716866
4.226508	-0.726632
4.228461	-0.716866
4.230415	-0.716866
4.232368	-0.716866
4.234321	-0.707101
4.236274	-0.726632
4.238227	-0.721749
4.240180	-0.716866
4.242133	-0.721749
4.244086	-0.721749
4.246039	-0.716866
4.247992	-0.716866
4.249946	-0.726632
4.251899	-0.726632
4.253852	-0.736398
4.255805	-0.741280
4.257758	-0.751046
4.259711	-0.731515
4.261664	-0.731515
4.263617	-0.736398
4.265570	-0.736398
4.267523	-0.731515
4.269477	-0.736398
4.271430	-0.746163
4.273383	-0.736398
4.275336	-0.726632
4.277289	-0.736398
4.279242	-0.731515
4.281195	-0.736398
4.283148	-0.731515
4.285101	-0.726632
4.287054	-0.726632
4.289008	-0.731515
4.290961	-0.731515
4.292914	-0.741280
4.294867	-0.736398
4.296820	-0.731515
4.298773	-0.726632
4.300726	-0.721749
4.302679	-0.716866
4.304632	-0.726632
4.306585	-0.726632
4.308539	-0.726632
4.310492	-0.721749
4.312445	-0.736398
4.314398	-0.721749
4.316351	-0.721749
4.318304	-0.716866
4.320257	-0.721749
4.322210	-0.726632
4.324163	-0.726632
4.326116	-0.731515
4.328070	-0.731515
4.330023	-0.741280
4.331976	-0.716866
4.333929	-0.721749
4.335882	-0.716866
4.337835	-0.726632
4.339788	-0.721749
4.341741	-0.721749
4.343694	-0.731515
4.345647	-0.721749
4.347601	-0.726632
4.349554	-0.721749
4.351507	-0.721749
4.353460	-0.726632
4.355413	-0.726632
4.357366	-0.731515
4.359319	-0.736398
4.361272	-0.731515
4.363225	-0.736398
4.365178	-0.731515
4.367132	-0.731515
4.369085	-0.726632
4.371038	-0.726632
4.372991	-0.736398
4.374944	-0.736398
4.376897	-0.741280
4.378850	-0.726632
4.380803	-0.721749
4.382756	-0.731515
4.384709	-0.726632
4.386663	-0.726632
4.388616	-0.726632
4.390569	-0.726632
4.392522	-0.736398
4.394475	-0.731515
4.396428	-0.736398
4.398381	-0.731515
4.400334	-0.741280
4.402287	-0.731515
4.404240	-0.726632
4.406194	-0.736398
4.408147	-0.746163
4.410100	-0.746163
4.412053	-0.746163
4.414006	-0.736398
4.415959	-0.731515
4.417912	-0.731515
4.419865	-0.741280
4.421818	-0.721749
4.423771	-0.721749
4.425725	-0.726632
4.427678	-0.726632
4.429631	-0.716866
4.431584	-0.721749
4.433537	-0.726632
4.435490	-0.711983
4.437443	-0.731515
4.439396	-0.721749
4.441349	-0.716866
4.443302	-0.721749
4.445256	-0.711983
4.447209	-0.711983
4.449162	-0.716866
4.451115	-0.702218
4.453068	-0.716866
4.455021	-0.711983
4.456974	-0.726632
4.458927	-0.780343
4.460880	-0.765694
4.462833	-0.711983
4.464787	-0.711983
4.466740	-0.721749
4.468693	-0.716866
4.470646	-0.721749
4.472599	-0.702218
4.474552	-0.716866
4.476505	-0.716866
4.478458	-0.702218
4.480411	-0.707101
4.482364	-0.702218
4.484318	-0.692452
4.486271	-0.707101
4.488224	-0.702218
4.490177	-0.707101
4.492130	-0.711983
4.494083	-0.707101
4.496036	-0.707101
4.497989	-0.707101
4.499942	-0.711983
4.501895	-0.697335
4.503849	-0.702218
4.505802	-0.702218
4.507755	-0.702218
4.509708	-0.716866
4.511661	-0.702218
4.513614	-0.697335
4.515567	-0.702218
4.517520	-0.702218
4.519473	-0.702218
4.521426	-0.702218
4.523380	-0.697335
4.525333	-0.707101
4.527286	-0.716866
4.529239	-0.707101
4.531192	-0.711983
4.533145	-0.702218
4.535098	-0.702218
4.537051	-0.721749
4.539004	-0.716866
4.540957	-0.711983
4.542911	-0.711983
4.544864	-0.702218
4.546817	-0.707101
4.548770	-0.711983
4.550723	-0.707101
4.552676	-0.702218
4.554629	-0.707101
4.556582	-0.707101
4.558535	-0.707101
4.560488	-0.707101
4.562442	-0.702218
4.564395	-0.716866
4.566348	-0.711983
4.568301	-0.716866
4.570254	-0.711983
4.572207	-0.697335
4.574160	-0.716866
4.576113	-0.726632
4.578066	-0.702218
4.580019	-0.702218
4.581973	-0.702218
4.583926	-0.707101
4.585879	-0.707101
4.587832	-0.707101
4.589785	-0.707101
4.591738	-0.711983
4.593691	-0.716866
4.595644	-0.702218
4.597597	-0.707101
4.599550	-0.711983
4.601504	-0.697335
4.603457	-0.716866
4.605410	-0.716866
4.607363	-0.716866
4.609316	-0.716866
4.611269	-0.716866
4.613222	-0.707101
4.615175	-0.711983
4.617128	-0.707101
4.619081	-0.711983
4.621035	-0.707101
4.622988	-0.716866
4.624941	-0.711983
4.626894	-0.711983
4.628847	-0.711983
4.630800	-0.711983
4.632753	-0.711983
4.634706	-0.697335
4.636659	-0.702218
4.638612	-0.707101
4.640566	-0.707101
4.642519	-0.716866
4.644472	-0.716866
4.646425	-0.711983
4.648378	-0.697335
4.650331	-0.697335
4.652284	3.687431
4.654237	3.726493
4.656190	3.721610
4.658143	3.711845
4.660097	3.697196
4.662050	3.706962
4.664003	3.706962
4.665956	3.716727
4.667909	3.721610
4.669862	3.736259
4.671815	3.741142
4.673768	3.731376
4.675721	3.726493
4.677674	3.726493
4.679628	3.746024
4.681581	3.736259
4.683534	3.731376
4.685487	3.750907
4.687440	3.746024
4.689393	3.741142
4.691346	3.750907
4.693299	3.736259
4.695252	3.755790
4.697205	3.741142
4.699159	3.736259
4.701112	3.750907
4.703065	3.746024
4.705018	3.736259
4.706971	3.746024
4.708924	3.741142
4.710877	3.736259
4.712830	3.726493
4.714783	3.731376
4.716736	3.721610
4.718690	3.741142
4.720643	3.731376
4.722596	3.746024
4.724549	3.746024
4.726502	3.721610
4.728455	3.736259
4.730408	3.736259
4.732361	3.736259
4.734314	3.746024
4.736267	3.746024
4.738221	3.741142
4.740174	3.736259
4.742127	3.731376
4.744080	3.726493
4.746033	3.741142
4.747986	3.736259
4.749939	3.731376
4.751892	3.750907
4.753845	3.741142
4.755798	3.746024
4.757752	3.755790
4.759705	3.736259
4.761658	3.736259
4.763611	3.741142
4.765564	3.721610
4.767517	3.741142
4.769470	3.736259
4.771423	3.741142
4.773376	3.741142
4.775329	3.741142
4.777283	3.736259
4.779236	3.736259
4.781189	-0.379952
4.783142	-0.404366
4.785095	-0.414132
4.787048	-0.438546
4.789001	-0.453194
4.790954	-0.492257
4.792907	-0.521554
4.794860	-0.516671
4.796814	-0.536202
4.798767	-0.560616
4.800720	-0.565499
4.802673	-0.570382
4.804626	-0.599679
4.806579	-0.619210
4.808532	-0.624093
4.810485	-0.643624
4.812438	-0.638741
4.814391	-0.648507
4.816345	-0.643624
4.818298	-0.643624
4.820251	-0.653390
4.822204	-0.658273
4.824157	-0.653390
4.826110	-0.672921
4.828063	-0.658273
4.830016	-0.672921
4.831969	-0.663155
4.833922	-0.677804
4.835876	-0.677804
4.837829	-0.672921
4.839782	-0.672921
4.841735	-0.672921
4.843688	-0.672921
4.845641	-0.663155
4.847594	-0.668038
4.849547	-0.668038
4.851500	-0.663155
4.853453	-0.677804
4.855407	-0.672921
4.857360	-0.677804
4.859313	-0.692452
4.861266	-0.687569
4.863219	-0.687569
4.865172	-0.687569
4.867125	-0.697335
4.869078	-0.692452
4.871031	-0.692452
4.872984	-0.692452
4.874938	-0.692452
4.876891	-0.697335
4.878844	-0.692452
4.880797	-0.692452
4.882750	-0.692452
4.884703	-0.692452
4.886656	-0.702218
4.888609	-0.707101
4.890562	-0.707101
4.892515	-0.707101
4.894469	-0.702218
4.896422	-0.702218
4.898375	-0.716866
4.900328	-0.702218
4.902281	-0.697335
4.904234	-0.707101
4.906187	-0.702218
4.908140	-0.702218
4.910093	-0.707101
4.912046	-0.711983
4.914000	-0.707101
4.915953	-0.711983
4.917906	-0.707101
4.919859	-0.707101
4.921812	-0.702218
4.923765	-0.702218
4.925718	-0.711983
4.927671	-0.707101
4.929624	-0.702218
4.931577	-0.707101
4.933531	-0.707101
4.935484	-0.702218
4.937437	-0.707101
4.939390	-0.711983
4.941343	-0.711983
4.943296	-0.726632
4.945249	-0.711983
4.947202	-0.726632
4.949155	-0.721749
4.951108	-0.707101
4.953062	-0.711983
4.955015	-0.711983
4.956968	-0.711983
4.958921	-0.726632
4.960874	-0.721749
4.962827	-0.716866
4.964780	-0.711983
4.966733	-0.711983
4.968686	-0.711983
4.970639	-0.716866
4.972593	-0.716866
4.974546	-0.702218
4.976499	-0.726632
4.978452	-0.721749
4.980405	-0.711983
4.982358	-0.707101
4.984311	-0.697335
4.986264	-0.760812
4.988217	-0.731515
4.990170	-0.721749
4.992124	-0.731515
4.994077	-0.731515
4.996030	-0.726632
4.997983	-0.721749
4.999936	-0.716866
5.001889	-0.711983
5.003842	-0.721749
5.005795	-0.721749
5.007748	-0.736398
5.009701	-0.726632
5.011655	-0.716866
5.013608	-0.721749
5.015561	-0.721749
5.017514	-0.711983
5.019467	-0.711983
5.021420	-0.721749
5.023373	-0.716866
5.025326	-0.716866
5.027279	-0.716866
5.029232	-0.707101
5.031186	-0.716866
5.033139	-0.716866
5.035092	-0.711983
5.037045	-0.716866
5.038998	-0.721749
5.040951	-0.726632
5.042904	-0.731515
5.044857	-0.726632
5.046810	-0.721749
5.048763	-0.726632
5.050717	-0.716866
5.052670	-0.721749
5.054623	-0.726632
5.056576	-0.726632
5.058529	-0.731515
5.060482	-0.741280
5.062435	-0.726632
5.064388	-0.736398
5.066341	-0.731515
5.068294	-0.726632
5.070248	-0.726632
5.072201	-0.731515
5.074154	-0.731515
5.076107	-0.731515
5.078060	-0.726632
5.080013	-0.721749
5.081966	-0.716866
5.083919	-0.716866
5.085872	-0.711983
5.087825	-0.702218
5.089779	-0.697335
5.091732	-0.707101
5.093685	-0.702218
5.095638	-0.697335
5.097591	-0.702218
5.099544	-0.697335
5.101497	-0.692452
5.103450	-0.697335
5.105403	-0.692452
5.107356	-0.687569
5.109310	-0.697335
5.111263	-0.682687
5.113216	-0.687569
5.115169	-0.692452
5.117122	-0.682687
5.119075	-0.677804
5.121028	-0.687569
5.122981	-0.682687
5.124934	-0.687569
5.126887	-0.697335
5.128841	-0.687569
5.130794	-0.692452
5.132747	-0.692452
5.134700	-0.682687
5.136653	-0.692452
5.138606	-0.692452
5.140559	-0.687569
5.142512	-0.697335
5.144465	-0.682687
5.146418	-0.687569
5.148372	-0.687569
5.150325	-0.692452
5.152278	-0.682687
5.154231	-0.687569
5.156184	-0.682687
5.158137	-0.677804
5.160090	-0.687569
5.162043	-0.682687
5.163996	-0.687569
5.165949	-0.697335
5.167903	-0.687569
5.169856	-0.692452
5.171809	-0.687569
5.173762	-0.687569
5.175715	-0.692452
5.177668	-0.682687
5.179621	-0.692452
5.181574	-0.692452
5.183527	-0.692452
5.185480	-0.677804
5.187434	-0.692452
5.189387	-0.687569
5.191340	-0.682687
5.193293	-0.697335
5.195246	-0.682687
5.197199	-0.687569
5.199152	-0.692452
5.201105	-0.677804
5.203058	-0.692452
5.205011	-0.687569
5.206965	-0.687569
5.208918	-0.692452
5.210871	-0.697335
5.212824	-0.692452
5.214777	-0.692452
5.216730	-0.687569
5.218683	-0.682687
5.220636	-0.687569
5.222589	-0.687569
5.224542	-0.692452
5.226496	-0.697335
5.228449	-0.692452
5.230402	-0.697335
5.232355	-0.702218
5.234308	-0.692452
5.236261	-0.692452
5.238214	-0.692452
5.240167	-0.687569
5.242120	-0.692452
5.244073	-0.692452
5.246027	-0.687569
5.247980	-0.677804
5.249933	-0.697335
5.251886	-0.687569
5.253839	-0.687569
5.255792	-0.692452
5.257745	-0.692452
5.259698	-0.702218
5.261651	-0.687569
5.263604	-0.697335
5.265558	-0.687569
5.267511	-0.682687
5.269464	-0.687569
5.271417	-0.687569
5.273370	-0.687569
5.275323	-0.687569
5.277276	-0.692452
5.279229	-0.692452
5.281182	-0.687569
5.283135	-0.687569
5.285089	-0.687569
5.287042	-0.687569
5.288995	-0.697335
5.290948	-0.692452
5.292901	-0.702218
5.294854	-0.692452
5.296807	-0.687569
5.298760	-0.692452
5.300713	-0.677804
5.302666	-0.687569
5.304620	-0.687569
5.306573	-0.682687
5.308526	-0.687569
5.310479	-0.692452
5.312432	-0.687569
5.314385	-0.692452
5.316338	-0.687569
5.318291	-0.682687
5.320244	-0.687569
5.322197	-0.687569
5.324151	-0.692452
5.326104	-0.702218
5.328057	-0.697335
5.330010	-0.697335
5.331963	-0.697335
5.333916	-0.682687
5.335869	-0.687569
5.337822	-0.687569
5.339775	-0.682687
5.341728	-0.687569
5.343682	-0.692452
5.345635	-0.687569
5.347588	-0.687569
5.349541	-0.692452
5.351494	-0.687569
5.353447	-0.687569
5.355400	-0.692452
5.357353	-0.692452
5.359306	-0.697335
5.361259	-0.682687
5.363213	-0.687569
5.365166	-0.692452
5.367119	-0.682687
5.369072	-0.682687
5.371025	-0.682687
5.372978	-0.687569
5.374931	-0.682687
5.376884	-0.687569
5.378837	-0.687569
5.380790	-0.692452
5.382744	-0.692452
5.384697	-0.682687
5.386650	-0.692452
5.388603	-0.687569
5.390556	-0.692452
5.392509	-0.697335
5.394462	-0.692452
5.396415	-0.687569
5.398368	-0.687569
5.400321	-0.682687
5.402275	-0.687569
5.404228	-0.682687
5.406181	-0.692452
5.408134	-0.687569
5.410087	-0.697335
5.412040	-0.692452
5.413993	-0.692452
5.415946	-0.687569
5.417899	-0.687569
5.419852	-0.692452
5.421806	-0.692452
5.423759	-0.687569
5.425712	-0.692452
5.427665	-0.692452
5.429618	-0.687569
5.431571	-0.692452
5.433524	-0.692452
5.435477	-0.677804
5.437430	-0.687569
5.439383	-0.682687
5.441337	-0.682687
5.443290	-0.687569
5.445243	-0.677804
5.447196	3.638602
5.449149	3.697196
5.451102	3.736259
5.453055	3.755790
5.455008	3.760673
5.456961	3.765556
5.458914	3.765556
5.460868	3.760673
5.462821	3.760673
5.464774	3.750907
5.466727	3.755790
5.468680	3.770438
5.470633	3.765556
5.472586	3.770438
5.474539	3.760673
5.476492	3.755790
5.478445	3.760673
5.480399	3.765556
5.482352	3.760673
5.484305	3.765556
5.486258	3.765556
5.488211	3.770438
5.490164	3.765556
5.492117	3.765556
5.494070	3.765556
5.496023	3.765556
5.497976	3.770438
5.499930	3.770438
5.501883	3.775321
5.503836	3.770438
5.505789	3.775321
5.507742	3.770438
5.509695	3.765556
5.511648	3.770438
5.513601	3.770438
5.515554	3.765556
5.517507	3.785087
5.519461	3.770438
5.521414	3.765556
5.523367	3.775321
5.525320	3.770438
5.527273	3.765556
5.529226	3.775321
5.531179	3.775321
5.533132	3.770438
5.535085	3.780204
5.537038	3.780204
5.538992	3.770438
5.540945	3.775321
5.542898	3.770438
5.544851	3.775321
5.546804	3.770438
5.548757	3.780204
5.550710	3.780204
5.552663	3.785087
5.554616	3.775321
5.556569	3.775321
5.558523	3.775321
5.560476	3.775321
5.562429	3.785087
5.564382	3.780204
5.566335	3.770438
5.568288	3.780204
5.570241	3.775321
5.572194	3.775321
5.574147	3.775321
5.576100	3.765556
5.578054	3.780204
5.580007	-0.345773
5.581960	-0.370187
5.583913	-0.384835
5.585866	-0.399483
5.587819	-0.428780
5.589772	-0.443429
5.591725	-0.462960
5.593678	-0.487374
5.595631	-0.497140
5.597585	-0.516671
5.599538	-0.536202
5.601491	-0.541085
5.603444	-0.565499
5.605397	-0.570382
5.607350	-0.585030
5.609303	-0.604562
5.611256	-0.609444
5.613209	-0.609444
5.615162	-0.614327
5.617116	-0.609444
5.619069	-0.619210
5.621022	-0.624093
5.622975	-0.624093
5.624928	-0.628976
5.626881	-0.628976
5.628834	-0.624093
5.630787	-0.633858
5.632740	-0.638741
5.634693	-0.628976
5.636647	-0.638741
5.638600	-0.638741
5.640553	-0.633858
5.642506	-0.643624
5.644459	-0.633858
5.646412	-0.633858
5.648365	-0.638741
5.650318	-0.638741
5.652271	-0.633858
5.654224	-0.648507
5.656178	-0.638741
5.658131	-0.648507
5.660084	-0.648507
5.662037	-0.653390
5.663990	-0.653390
5.665943	-0.653390
5.667896	-0.653390
5.669849	-0.658273
5.671802	-0.658273
5.673755	-0.663155
5.675709	-0.668038
5.677662	-0.658273
5.679615	-0.658273
5.681568	-0.663155
5.683521	-0.668038
5.685474	-0.663155
5.687427	-0.668038
5.689380	-0.672921
5.691333	-0.668038
5.693286	-0.672921
5.695240	-0.668038
5.697193	-0.672921
5.699146	-0.668038
5.701099	-0.663155
5.703052	-0.677804
5.705005	-0.672921
5.706958	-0.668038
5.708911	-0.677804
5.710864	-0.677804
5.712817	-0.672921
5.714771	-0.668038
5.716724	-0.677804
5.718677	-0.672921
5.720630	-0.682687
5.722583	-0.677804
5.724536	-0.677804
5.726489	-0.682687
5.728442	-0.677804
5.730395	-0.672921
5.732348	-0.672921
5.734302	-0.672921
5.736255	-0.677804
5.738208	-0.677804
5.740161	-0.677804
5.742114	-0.677804
5.744067	-0.677804
5.746020	-0.677804
5.747973	-0.677804
5.749926	-0.682687
5.751879	-0.677804
5.753833	-0.682687
5.755786	-0.682687
5.757739	-0.682687
5.759692	-0.687569
5.761645	-0.677804
5.763598	-0.677804
5.765551	-0.682687
5.767504	-0.672921
5.769457	-0.677804
5.771410	-0.677804
5.773364	-0.682687
5.775317	-0.682687
5.777270	-0.682687
5.779223	-0.677804
5.781176	-0.677804
5.783129	-0.682687
5.785082	-0.672921
5.787035	-0.677804
5.788988	-0.682687
5.790941	-0.677804
5.792895	-0.687569
5.794848	-0.677804
5.796801	-0.677804
5.798754	-0.682687
5.800707	-0.677804
5.802660	-0.677804
5.804613	-0.682687
5.806566	-0.687569
5.808519	-0.672921
5.810472	-0.687569
5.812426	-0.677804
5.814379	-0.677804
5.816332	-0.682687
5.818285	-0.668038
5.820238	-0.687569
5.822191	-0.682687
5.824144	-0.677804
5.826097	-0.682687
5.828050	-0.677804
5.830003	-0.682687
5.831957	-0.682687
5.833910	-0.668038
5.835863	-0.672921
5.837816	-0.672921
5.839769	-0.672921
5.841722	-0.672921
5.843675	-0.682687
5.845628	-0.672921
5.847581	-0.677804
5.849534	-0.682687
5.851488	-0.668038
5.853441	-0.677804
5.855394	-0.677804
5.857347	-0.677804
5.859300	-0.687569
5.861253	-0.677804
5.863206	-0.672921
5.865159	-0.682687
5.867112	-0.672921
5.869065	-0.672921
5.871019	-0.682687
5.872972	-0.677804
5.874925	-0.672921
5.876878	-0.682687
5.878831	-0.677804
5.880784	-0.677804
5.882737	-0.677804
5.884690	-0.677804
5.886643	-0.682687
5.888596	-0.677804
5.890550	-0.677804
5.892503	-0.692452
5.894456	-0.682687
5.896409	-0.682687
5.898362	-0.687569
5.900315	-0.677804
5.902268	-0.672921
5.904221	-0.677804
5.906174	-0.677804
5.908127	-0.682687
5.910081	-0.687569
5.912034	-0.677804
5.913987	-0.682687
5.915940	-0.682687
5.917893	-0.672921
5.919846	-0.682687
5.921799	-0.682687
5.923752	-0.682687
5.925705	-0.687569
5.927658	-0.687569
5.929612	-0.682687
5.931565	-0.682687
5.933518	-0.677804
5.935471	-0.672921
5.937424	-0.677804
5.939377	-0.682687
5.941330	-0.677804
5.943283	-0.687569
5.945236	-0.677804
5.947189	-0.682687
5.949143	-0.677804
5.951096	-0.672921
5.953049	-0.682687
5.955002	-0.682687
5.956955	-0.682687
5.958908	-0.692452
5.960861	-0.682687
5.962814	-0.682687
5.964767	-0.682687
5.966720	-0.682687
5.968674	-0.677804
5.970627	-0.682687
5.972580	-0.682687
5.974533	-0.677804
5.976486	-0.687569
5.978439	-0.677804
5.980392	-0.682687
5.982345	-0.682687
5.984298	-0.677804
5.986251	-0.682687
5.988205	-0.682687
5.990158	-0.672921
5.992111	-0.682687
5.994064	-0.677804
5.996017	-0.682687
5.997970	-0.682687
5.999923	-0.682687
6.001876	-0.677804
6.003829	-0.677804
6.005782	-0.677804
6.007736	-0.677804
6.009689	-0.687569
6.011642	-0.672921
6.013595	-0.677804
6.015548	-0.682687
6.017501	-0.668038
6.019454	-0.672921
6.021407	-0.682687
6.023360	-0.677804
6.025313	-0.682687
6.027267	-0.682687
6.029220	-0.677804
6.031173	-0.672921
6.033126	-0.677804
6.035079	-0.672921
6.037032	-0.677804
6.038985	-0.682687
6.040938	-0.682687
6.042891	-0.682687
6.044844	-0.677804
6.046798	-0.682687
6.048751	-0.682687
6.050704	-0.677804
6.052657	-0.682687
6.054610	-0.682687
6.056563	-0.682687
6.058516	-0.682687
6.060469	-0.687569
6.062422	-0.677804
6.064375	-0.677804
6.066329	-0.682687
6.068282	-0.672921
6.070235	-0.682687
6.072188	-0.677804
6.074141	-0.677804
6.076094	-0.682687
6.078047	-0.677804
6.080000	-0.677804
6.081953	-0.677804
6.083906	-0.677804
6.085860	-0.677804
6.087813	-0.682687
6.089766	-0.677804
6.091719	-0.677804
6.093672	-0.677804
6.095625	-0.672921
6.097578	-0.677804
6.099531	-0.677804
6.101484	-0.672921
6.103437	-0.677804
6.105391	-0.677804
6.107344	-0.677804
6.109297	-0.682687
6.111250	-0.672921
6.113203	-0.677804
6.115156	-0.677804
6.117109	-0.672921
6.119062	-0.672921
6.121015	-0.677804
6.122968	-0.677804
6.124922	-0.677804
6.126875	-0.677804
6.128828	-0.672921
6.130781	-0.677804
6.132734	-0.687569
6.134687	-0.672921
6.136640	-0.682687
6.138593	-0.677804
6.140546	-0.677804
6.142499	-0.682687
6.144453	-0.672921
6.146406	-0.677804
6.148359	-0.677804
6.150312	-0.677804
6.152265	-0.658273
6.154218	-0.677804
6.156171	-0.677804
6.158124	-0.677804
6.160077	-0.682687
6.162030	-0.677804
6.163984	-0.677804
6.165937	-0.682687
6.167890	-0.672921
6.169843	-0.682687
6.171796	-0.677804
6.173749	-0.672921
6.175702	-0.682687
6.177655	-0.677804
6.179608	-0.677804
6.181561	-0.682687
6.183515	-0.677804
6.185468	-0.668038
6.187421	-0.677804
6.189374	-0.677804
6.191327	-0.677804
6.193280	-0.682687
6.195233	-0.672921
6.197186	-0.677804
6.199139	-0.682687
6.201092	-0.677804
6.203046	-0.677804
6.204999	-0.677804
6.206952	-0.682687
6.208905	-0.682687
6.210858	-0.677804
6.212811	-0.672921
6.214764	-0.682687
6.216717	-0.677804
6.218670	-0.677804
6.220623	-0.677804
6.222577	-0.677804
6.224530	-0.677804
6.226483	-0.682687
6.228436	-0.677804
6.230389	-0.682687
6.232342	-0.682687
6.234295	-0.677804
6.236248	-0.697335
6.238201	-0.697335
6.240154	-0.687569
6.242108	-0.682687
6.244061	-0.682687
6.246014	-0.677804
6.247967	-0.682687
6.249920	-0.682687
6.251873	-0.677804
6.253826	-0.682687
6.255779	-0.677804
6.257732	-0.677804
6.259685	-0.687569
6.261639	-0.682687
6.263592	-0.682687
6.265545	-0.682687
6.267498	-0.677804
6.269451	-0.682687
6.271404	-0.682687
6.273357	-0.682687
6.275310	-0.687569
6.277263	-0.682687
6.279216	3.638602
6.281170	3.706962
6.283123	3.721610
6.285076	3.760673
6.287029	3.765556
6.288982	3.794852
6.290935	3.775321
6.292888	3.760673
6.294841	3.770438
6.296794	3.765556
6.298747	3.765556
6.300701	3.780204
6.302654	3.770438
6.304607	3.760673
6.306560	3.760673
6.308513	3.775321
6.310466	3.765556
6.312419	3.765556
6.314372	3.765556
6.316325	3.760673
6.318278	3.780204
6.320232	3.770438
6.322185	3.780204
6.324138	3.780204
6.326091	3.770438
6.328044	3.780204
6.329997	3.780204
6.331950	3.770438
6.333903	3.775321
6.335856	3.785087
6.337809	3.770438
6.339763	3.770438
6.341716	3.780204
6.343669	3.765556
6.345622	3.765556
6.347575	3.770438
6.349528	3.770438
6.351481	3.780204
6.353434	3.775321
6.355387	3.775321
6.357340	3.770438
6.359294	3.760673
6.361247	3.765556
6.363200	3.775321
6.365153	3.765556
6.367106	3.770438
6.369059	3.775321
6.371012	3.770438
6.372965	3.770438
6.374918	3.765556
6.376871	3.760673
6.378825	3.770438
6.380778	3.765556
6.382731	3.765556
6.384684	3.775321
6.386637	3.765556
6.388590	3.770438
6.390543	3.765556
6.392496	3.765556
6.394449	3.765556
6.396402	3.765556
6.398356	3.760673
6.400309	3.765556
6.402262	3.770438
6.404215	3.765556
6.406168	3.765556
6.408121	3.760673
6.410074	3.760673
6.412027	-0.345773
6.413980	-0.365304
6.415933	-0.379952
6.417887	-0.399483
6.419840	-0.423898
6.421793	-0.438546
6.423746	-0.462960
6.425699	-0.477608
6.427652	-0.506905
6.429605	-0.511788
6.431558	-0.536202
6.433511	-0.541085
6.435464	-0.550851
6.437418	-0.570382
6.439371	-0.589913
6.441324	-0.599679
6.443277	-0.624093
6.445230	-0.619210
6.447183	-0.619210
6.449136	-0.628976
6.451089	-0.624093
6.453042	-0.633858
6.454995	-0.643624
6.456949	-0.643624
6.458902	-0.648507
6.460855	-0.643624
6.462808	-0.643624
6.464761	-0.643624
6.466714	-0.643624
6.468667	-0.638741
6.470620	-0.653390
6.472573	-0.653390
6.474526	-0.653390
6.476480	-0.658273
6.478433	-0.648507
6.480386	-0.653390
6.482339	-0.653390
6.484292	-0.648507
6.486245	-0.653390
6.488198	-0.668038
6.490151	-0.663155
6.492104	-0.668038
6.494057	-0.663155
6.496011	-0.663155
6.497964	-0.668038
6.499917	-0.668038
6.501870	-0.663155
6.503823	-0.672921
6.505776	-0.672921
6.507729	-0.672921
6.509682	-0.687569
6.511635	-0.668038
6.513588	-0.672921
6.515542	-0.682687
6.517495	-0.658273
6.519448	-0.668038
6.521401	-0.677804
6.523354	-0.677804
6.525307	-0.682687
6.527260	-0.677804
6.529213	-0.682687
6.531166	-0.682687
6.533119	-0.687569
6.535073	-0.682687
6.537026	-0.682687
6.538979	-0.677804
6.540932	-0.682687
6.542885	-0.697335
6.544838	-0.687569
6.546791	-0.672921
6.548744	-0.677804
6.550697	-0.682687
6.552650	-0.677804
6.554604	-0.692452
6.556557	-0.692452
6.558510	-0.697335
6.560463	-0.692452
6.562416	-0.692452
6.564369	-0.697335
6.566322	-0.692452
6.568275	-0.687569
6.570228	-0.692452
6.572181	-0.687569
6.574135	-0.697335
6.576088	-0.702218
6.578041	-0.692452
6.579994	-0.697335
6.581947	-0.702218
6.583900	-0.692452
6.585853	-0.697335
6.587806	-0.702218
6.589759	-0.702218
6.591712	-0.707101
6.593666	-0.707101
6.595619	-0.697335
6.597572	-0.702218
6.599525	-0.702218
6.601478	-0.697335
6.603431	-0.707101
6.605384	-0.707101
6.607337	-0.702218
6.609290	-0.711983
6.611243	-0.702218
6.613197	-0.702218
6.615150	-0.707101
6.617103	-0.697335
6.619056	-0.697335
6.621009	-0.697335
6.622962	-0.697335
6.624915	-0.707101
6.626868	-0.711983
6.628821	-0.702218
6.630774	-0.707101
6.632728	-0.707101
6.634681	-0.702218
6.636634	-0.702218
6.638587	-0.707101
6.640540	-0.707101
6.642493	-0.711983
6.644446	-0.702218
6.646399	-0.707101
6.648352	-0.711983
6.650305	-0.707101
6.652259	-0.707101
6.654212	-0.711983
6.656165	-0.711983
6.658118	-0.707101
6.660071	-0.711983
6.662024	-0.711983
6.663977	-0.702218
6.665930	-0.711983
6.667883	-0.692452
6.669836	-0.707101
6.671790	-0.711983
6.673743	-0.711983
6.675696	-0.711983
6.677649	-0.721749
6.679602	-0.707101
6.681555	-0.716866
6.683508	-0.711983
6.685461	-0.711983
6.687414	-0.711983
6.689367	-0.707101
6.691321	-0.711983
6.693274	-0.716866
6.695227	-0.711983
6.697180	-0.716866
6.699133	-0.711983
6.701086	-0.702218
6.703039	-0.721749
6.704992	-0.716866
6.706945	-0.716866
6.708898	-0.721749
6.710852	-0.716866
6.712805	-0.716866
6.714758	-0.707101
6.716711	-0.716866
6.718664	-0.711983
6.720617	-0.716866
6.722570	-0.716866
6.724523	-0.716866
6.726476	-0.721749
6.728429	-0.707101
6.730383	-0.711983
6.732336	-0.716866
6.734289	-0.711983
6.736242	-0.716866
6.738195	-0.716866
6.740148	-0.711983
6.742101	-0.721749
6.744054	-0.707101
6.746007	-0.707101
6.747960	-0.716866
6.749914	-0.721749
6.751867	-0.711983
6.753820	-0.711983
6.755773	-0.716866
6.757726	-0.716866
6.759679	-0.716866
6.761632	-0.716866
6.763585	-0.716866
6.765538	-0.721749
6.767491	-0.716866
6.769445	-0.716866
6.771398	-0.716866
6.773351	-0.716866
6.775304	-0.726632
6.777257	-0.726632
6.779210	-0.721749
6.781163	-0.721749
6.783116	-0.726632
6.785069	-0.716866
6.787022	-0.726632
6.788976	-0.726632
6.790929	-0.726632
6.792882	-0.731515
6.794835	-0.716866
6.796788	-0.716866
6.798741	-0.726632
6.800694	-0.711983
6.802647	-0.711983
6.804600	-0.716866
6.806553	-0.731515
6.808507	-0.716866
6.810460	-0.721749
6.812413	-0.711983
6.814366	-0.721749
6.816319	-0.721749
6.818272	-0.721749
6.820225	-0.716866
6.822178	-0.711983
6.824131	-0.702218
6.826084	-0.707101
6.828038	-0.692452
6.829991	-0.692452
6.831944	-0.697335
6.833897	-0.692452
6.835850	-0.692452
6.837803	-0.702218
6.839756	-0.707101
6.841709	-0.702218
6.843662	-0.707101
6.845615	-0.697335
6.847569	-0.702218
6.849522	-0.707101
6.851475	-0.702218
6.853428	-0.697335
6.855381	-0.697335
6.857334	-0.702218
6.859287	-0.711983
6.861240	-0.702218
6.863193	-0.702218
6.865146	-0.702218
6.867100	-0.697335
6.869053	-0.697335
6.871006	-0.702218
6.872959	-0.702218
6.874912	-0.702218
6.876865	-0.702218
6.878818	-0.702218
6.880771	-0.702218
6.882724	-0.697335
6.884677	-0.692452
6.886631	-0.702218
6.888584	-0.702218
6.890537	-0.702218
6.892490	-0.711983
6.894443	-0.702218
6.896396	-0.702218
6.898349	-0.702218
6.900302	-0.702218
6.902255	-0.697335
6.904208	-0.702218
6.906162	-0.702218
6.908115	-0.707101
6.910068	-0.707101
6.912021	-0.707101
6.913974	-0.707101
6.915927	-0.707101
6.917880	-0.707101
6.919833	-0.716866
6.921786	-0.711983
6.923739	-0.711983
6.925693	-0.721749
6.927646	-0.707101
6.929599	-0.707101
6.931552	-0.707101
6.933505	-0.702218
6.935458	-0.697335
6.937411	-0.707101
6.939364	-0.707101
6.941317	-0.711983
6.943270	-0.711983
6.945224	-0.707101
6.947177	-0.707101
6.949130	-0.711983
6.951083	-0.707101
6.953036	-0.711983
6.954989	-0.711983
6.956942	-0.711983
6.958895	-0.711983
6.960848	-0.707101
6.962801	-0.711983
6.964755	-0.707101
6.966708	-0.707101
6.968661	-0.702218
6.970614	-0.702218
6.972567	-0.707101
6.974520	-0.707101
6.976473	-0.707101
6.978426	-0.697335
6.980379	-0.707101
6.982332	-0.707101
6.984286	-0.697335
6.986239	-0.702218
6.988192	-0.707101
6.990145	-0.707101
6.992098	-0.711983
6.994051	-0.707101
6.996004	-0.707101
6.997957	-0.702218
6.999910	-0.707101
7.001863	-0.697335
7.003817	-0.702218
7.005770	-0.697335
7.007723	-0.702218
7.009676	-0.716866
7.011629	-0.707101
7.013582	-0.716866
7.015535	-0.716866
7.017488	-0.711983
7.019441	-0.702218
7.021394	-0.707101
7.023348	-0.702218
7.025301	-0.707101
7.027254	-0.697335
7.029207	-0.697335
7.031160	-0.702218
7.033113	-0.702218
7.035066	-0.702218
7.037019	-0.711983
7.038972	-0.702218
7.040925	-0.707101
7.042879	-0.716866
7.044832	-0.702218
7.046785	-0.702218
7.048738	-0.707101
7.050691	-0.697335
7.052644	-0.702218
7.054597	-0.697335
7.056550	-0.702218
7.058503	-0.702218
7.060456	-0.707101
7.062410	-0.697335
7.064363	-0.702218
7.066316	-0.702218
7.068269	-0.697335
7.070222	-0.707101
7.072175	-0.702218
7.074128	3.653251
7.076081	3.682548
7.078034	3.702079
7.079987	3.711845
7.081941	3.711845
7.083894	3.726493
7.085847	3.750907
7.087800	3.755790
7.089753	3.755790
7.091706	3.755790
7.093659	3.750907
7.095612	3.746024
7.097565	3.750907
7.099518	3.750907
7.101472	3.760673
7.103425	3.750907
7.105378	3.765556
7.107331	3.760673
7.109284	3.750907
7.111237	3.755790
7.113190	3.750907
7.115143	3.755790
7.117096	3.760673
7.119049	3.765556
7.121003	3.765556
7.122956	3.765556
7.124909	3.760673
7.126862	3.755790
7.128815	3.760673
7.130768	3.750907
7.132721	3.755790
7.134674	3.765556
7.136627	3.765556
7.138580	3.760673
7.140534	3.760673
7.142487	3.750907
7.144440	3.755790
7.146393	3.755790
7.148346	3.760673
7.150299	3.770438
7.152252	3.770438
7.154205	3.770438
7.156158	3.770438
7.158111	3.775321
7.160065	3.765556
7.162018	3.770438
7.163971	3.770438
7.165924	3.770438
7.167877	3.775321
7.169830	3.775321
7.171783	3.770438
7.173736	3.775321
7.175689	3.765556
7.177642	3.780204
7.179596	3.780204
7.181549	3.775321
7.183502	3.780204
7.185455	3.780204
7.187408	3.775321
7.189361	3.770438
7.191314	3.775321
7.193267	3.765556
7.195220	3.775321
7.197173	3.775321
7.199127	3.775321
7.201080	3.785087
7.203033	3.775321
7.204986	3.785087
7.206939	3.775321
7.208892	3.770438
7.210845	-0.336007
7.212798	-0.355538
7.214751	-0.379952
7.216704	-0.399483
7.218658	-0.414132
7.220611	-0.438546
7.222564	-0.453194
7.224517	-0.472726
7.226470	-0.497140
7.228423	-0.506905
7.230376	-0.521554
7.232329	-0.541085
7.234282	-0.541085
7.236235	-0.560616
7.238189	-0.575265
7.240142	-0.589913
7.242095	-0.609444
7.244048	-0.619210
7.246001	-0.619210
7.247954	-0.624093
7.249907	-0.624093
7.251860	-0.628976
7.253813	-0.628976
7.255766	-0.633858
7.257720	-0.628976
7.259673	-0.638741
7.261626	-0.633858
7.263579	-0.628976
7.265532	-0.633858
7.267485	-0.628976
7.269438	-0.638741
7.271391	-0.638741
7.273344	-0.638741
7.275297	-0.643624
7.277251	-0.648507
7.279204	-0.643624
7.281157	-0.653390
7.283110	-0.653390
7.285063	-0.653390
7.287016	-0.663155
7.288969	-0.658273
7.290922	-0.658273
7.292875	-0.663155
7.294828	-0.653390
7.296782	-0.653390
7.298735	-0.658273
7.300688	-0.653390
7.302641	-0.663155
7.304594	-0.668038
7.306547	-0.663155
7.308500	-0.677804
7.310453	-0.672921
7.312406	-0.668038
7.314359	-0.677804
7.316313	-0.668038
7.318266	-0.663155
7.320219	-0.672921
7.322172	-0.672921
7.324125	-0.677804
7.326078	-0.682687
7.328031	-0.672921
7.329984	-0.677804
7.331937	-0.672921
7.333890	-0.672921
7.335844	-0.672921
7.337797	-0.677804
7.339750	-0.677804
7.341703	-0.677804
7.343656	-0.677804
7.345609	-0.677804
7.347562	-0.682687
7.349515	-0.687569
7.351468	-0.677804
7.353421	-0.687569
7.355375	-0.687569
7.357328	-0.687569
7.359281	-0.692452
7.361234	-0.682687
7.363187	-0.682687
7.365140	-0.682687
7.367093	-0.677804
7.369046	-0.677804
7.370999	-0.682687
7.372952	-0.687569
7.374906	-0.682687
7.376859	-0.687569
7.378812	-0.682687
7.380765	-0.687569
7.382718	-0.692452
7.384671	-0.682687
7.386624	-0.692452
7.388577	-0.692452
7.390530	-0.692452
7.392483	-0.697335
7.394437	-0.692452
7.396390	-0.692452
7.398343	-0.692452
7.400296	-0.687569
7.402249	-0.687569
7.404202	-0.692452
7.406155	-0.692452
7.408108	-0.692452
7.410061	-0.702218
7.412014	-0.697335
7.413968	-0.697335
7.415921	-0.697335
7.417874	-0.692452
7.419827	-0.702218
7.421780	-0.702218
7.423733	-0.702218
7.425686	-0.707101
7.427639	-0.697335
7.429592	-0.697335
7.431545	-0.702218
7.433499	-0.702218
7.435452	-0.697335
7.437405	-0.702218
7.439358	-0.707101
7.441311	-0.702218
7.443264	-0.711983
7.445217	-0.702218
7.447170	-0.711983
7.449123	-0.707101
7.451076	-0.692452
7.453030	-0.711983
7.454983	-0.707101
7.456936	-0.711983
7.458889	-0.716866
7.460842	-0.711983
7.462795	-0.711983
7.464748	-0.707101
7.466701	-0.707101
7.468654	-0.692452
7.470607	-0.697335
7.472561	-0.702218
7.474514	-0.707101
7.476467	-0.707101
7.478420	-0.697335
7.480373	-0.697335
7.482326	-0.702218
7.484279	-0.692452
7.486232	-0.697335
7.488185	-0.702218
7.490138	-0.707101
7.492092	-0.716866
7.494045	-0.707101
7.495998	-0.716866
7.497951	-0.707101
7.499904	-0.711983
7.501857	-0.707101
7.503810	-0.716866
7.505763	-0.716866
7.507716	-0.711983
7.509669	-0.721749
7.511623	-0.707101
7.513576	-0.707101
7.515529	-0.711983
7.517482	-0.721749
7.519435	-0.726632
7.521388	-0.716866
7.523341	-0.716866
7.525294	-0.726632
7.527247	-0.716866
7.529200	-0.711983
7.531154	-0.707101
7.533107	-0.707101
7.535060	-0.707101
7.537013	-0.711983
7.538966	-0.707101
7.540919	-0.707101
7.542872	-0.711983
7.544825	-0.707101
7.546778	-0.697335
7.548731	-0.697335
7.550685	-0.692452
7.552638	-0.702218
7.554591	-0.697335
7.556544	-0.697335
7.558497	-0.697335
7.560450	-0.697335
7.562403	-0.697335
7.564356	-0.692452
7.566309	-0.697335
7.568262	-0.687569
7.570216	-0.697335
7.572169	-0.697335
7.574122	-0.702218
7.576075	-0.707101
7.578028	-0.702218
7.579981	-0.702218
7.581934	-0.707101
7.583887	-0.707101
7.585840	-0.711983
7.587793	-0.711983
7.589747	-0.716866
7.591700	-0.707101
7.593653	-0.716866
7.595606	-0.711983
7.597559	-0.711983
7.599512	-0.711983
7.601465	-0.702218
7.603418	-0.707101
7.605371	-0.697335
7.607324	-0.697335
7.609278	-0.711983
7.611231	-0.702218
7.613184	-0.711983
7.615137	-0.707101
7.617090	-0.702218
7.619043	-0.707101
7.620996	-0.711983
7.622949	-0.711983
7.624902	-0.707101
7.626855	-0.716866
7.628809	-0.707101
7.630762	-0.707101
7.632715	-0.707101
7.634668	-0.697335
7.636621	-0.702218
7.638574	-0.707101
7.640527	-0.707101
7.642480	-0.711983
7.644433	-0.707101
7.646386	-0.702218
7.648340	-0.707101
7.650293	-0.702218
7.652246	-0.702218
7.654199	-0.707101
7.656152	-0.697335
7.658105	-0.702218
7.660058	-0.702218
7.662011	-0.702218
7.663964	-0.707101
7.665917	-0.707101
7.667871	-0.697335
7.669824	-0.707101
7.671777	-0.707101
7.673730	-0.702218
7.675683	-0.711983
7.677636	-0.707101
7.679589	-0.702218
7.681542	-0.711983
7.683495	-0.702218
7.685448	-0.707101
7.687402	-0.711983
7.689355	-0.707101
7.691308	-0.702218
7.693261	-0.711983
7.695214	-0.707101
7.697167	-0.707101
7.699120	-0.707101
7.701073	-0.697335
7.703026	-0.702218
7.704979	-0.707101
7.706933	-0.707101
7.708886	-0.711983
7.710839	-0.707101
7.712792	-0.702218
7.714745	-0.702218
7.716698	-0.711983
7.718651	-0.697335
7.720604	-0.707101
7.722557	-0.707101
7.724510	-0.707101
7.726464	-0.711983
7.728417	-0.707101
7.730370	-0.711983
7.732323	-0.711983
7.734276	-0.702218
7.736229	-0.707101
7.738182	-0.707101
7.740135	-0.707101
7.742088	-0.716866
7.744041	-0.707101
7.745995	-0.702218
7.747948	-0.707101
7.749901	-0.707101
7.751854	-0.707101
7.753807	-0.711983
7.755760	-0.707101
7.757713	-0.707101
7.759666	-0.711983
7.761619	-0.707101
7.763572	-0.707101
7.765526	-0.707101
7.767479	-0.702218
7.769432	-0.707101
7.771385	-0.707101
7.773338	-0.711983
7.775291	-0.716866
7.777244	-0.711983
7.779197	-0.707101
7.781150	-0.716866
7.783103	-0.716866
7.785057	-0.707101
7.787010	-0.716866
7.788963	-0.716866
7.790916	-0.707101
7.792869	-0.716866
7.794822	-0.711983
7.796775	-0.716866
7.798728	-0.707101
7.800681	-0.702218
7.802634	-0.702218
7.804588	-0.711983
7.806541	-0.702218
7.808494	-0.707101
7.810447	-0.707101
7.812400	-0.702218
7.814353	-0.702218
7.816306	-0.702218
7.818259	-0.697335
7.820212	-0.702218
7.822165	-0.702218
7.824119	-0.707101
7.826072	-0.707101
7.828025	-0.697335
7.829978	-0.697335
7.831931	-0.697335
7.833884	-0.697335
7.835837	-0.697335
7.837790	-0.702218
7.839743	-0.697335
7.841696	-0.692452
7.843650	-0.702218
7.845603	-0.697335
7.847556	-0.702218
7.849509	-0.702218
7.851462	-0.697335
7.853415	-0.697335
7.855368	-0.707101
7.857321	-0.702218
7.859274	-0.702218
7.861227	-0.697335
7.863181	-0.702218
7.865134	-0.697335
7.867087	-0.692452
7.869040	-0.697335
7.870993	-0.697335
7.872946	-0.697335
7.874899	-0.697335
7.876852	-0.697335
7.878805	-0.697335
7.880758	-0.697335
7.882712	-0.702218
7.884665	-0.687569
7.886618	-0.697335
7.888571	-0.697335
7.890524	-0.687569
7.892477	-0.702218
7.894430	-0.687569
7.896383	-0.687569
7.898336	-0.697335
7.900289	-0.687569
7.902243	-0.692452
7.904196	-0.697335
7.906149	3.604423
7.908102	3.658134
7.910055	3.692313
7.912008	3.702079
7.913961	3.711845
7.915914	3.711845
7.917867	3.731376
7.919820	3.741142
7.921774	3.746024
7.923727	3.750907
7.925680	3.746024
7.927633	3.750907
7.929586	3.750907
7.931539	3.746024
7.933492	3.755790
7.935445	3.760673
7.937398	3.750907
7.939351	3.741142
7.941305	3.750907
7.943258	3.746024
7.945211	3.750907
7.947164	3.750907
7.949117	3.755790
7.951070	3.760673
7.953023	3.765556
7.954976	3.765556
7.956929	3.765556
7.958882	3.750907
7.960836	3.755790
7.962789	3.760673
7.964742	3.760673
7.966695	3.755790
7.968648	3.760673
7.970601	3.755790
7.972554	3.765556
7.974507	3.755790
7.976460	3.750907
7.978413	3.760673
7.980367	3.760673
7.982320	3.760673
7.984273	3.765556
7.986226	3.770438
7.988179	3.770438
7.990132	3.775321
7.992085	3.760673
7.994038	3.765556
7.995991	3.765556
7.997944	3.755790
