0.000000	0.007166
0.125002	0.022699
0.250003	0.007241
0.375005	0.012146
0.500006	0.022185
0.625008	0.030225
0.750010	0.014862
0.875011	0.007868
1.000013	0.040818
1.125014	0.609045
1.250016	0.938959
1.375018	0.354695
1.500019	0.016961
1.625021	0.004497
1.750022	0.061640
1.875024	0.083016
2.000026	0.033036
2.125027	0.016451
2.250029	0.086577
2.375030	0.631125
2.500032	0.759970
2.625034	0.206054
2.750035	0.019991
2.875037	0.018337
3.000038	0.104963
3.125040	0.107246
3.250042	0.029067
3.375043	0.017684
3.500045	0.124558
3.625046	0.562428
3.750048	0.530892
3.875050	0.095056
4.000051	0.012450
4.125053	0.028602
4.250054	0.117328
4.375056	0.097866
4.500058	0.018054
4.625059	0.012839
4.750061	0.132707
4.875062	0.415583
5.000064	0.307630
5.125066	0.030361
5.250067	0.006014
5.375069	0.036978
5.500070	0.099873
5.625072	0.065066
5.750074	0.005380
5.875075	0.008595
6.000077	0.099237
6.125078	0.228381
6.250080	0.131823
6.375082	0.005467
6.500083	0.000730
6.625085	0.026127
6.750086	0.052425
6.875088	0.028067
7.000090	0.003864
7.125091	0.008849
7.250093	0.035618
7.375094	0.053276
7.500096	0.030093
7.625098	0.004094
7.750099	0.002401
7.875101	0.005143
8.000102	0.014993
8.125104	0.014338
8.250106	0.002899
8.375107	0.012503
8.500109	0.056943
8.625110	0.074366
8.750112	0.029849
8.875114	0.002911
9.000115	0.007659
9.125117	0.050114
9.250118	0.062763
9.375120	0.022963
9.500122	0.002311
9.625123	0.025144
9.750125	0.123701
9.875126	0.132713
10.000128	0.032249
10.125130	0.002975
10.250131	0.020551
10.375133	0.092139
10.500134	0.088340
10.625136	0.020287
10.750138	0.004794
10.875139	0.043457
11.000141	0.156124
11.125142	0.131855
11.250144	0.019281
11.375146	0.003010
11.500147	0.036314
11.625149	0.113120
11.750150	0.085547
11.875152	0.011549
12.000154	0.005283
12.125155	0.054579
12.250157	0.143737
12.375158	0.094589
12.500160	0.006612
12.625162	0.001425
12.750163	0.045451
12.875165	0.103466
13.000166	0.060867
13.125168	0.002850
13.250170	0.006092
13.375171	0.050732
13.500173	0.098326
13.625174	0.050366
13.750176	0.000811
13.875178	0.004826
14.000179	0.038289
14.125181	0.065582
14.250182	0.031982
14.375184	0.003293
14.500186	0.008232
14.625187	0.029824
14.750189	0.039031
14.875190	0.018396
15.000192	0.001580
15.125194	0.007305
15.250195	0.012624
15.375197	0.019673
15.500198	0.017520
15.625200	0.003404
15.750202	0.010377
15.875203	0.017172
16.000205	0.011114
16.125206	0.010385
16.250208	0.000334
16.375210	0.010449
16.500211	0.031966
16.625213	0.040219
16.750214	0.019226
16.875216	0.000870
17.000218	0.013376
17.125219	0.040739
17.250221	0.038002
17.375222	0.009379
17.500224	0.001321
17.625226	0.021005
17.750227	0.072320
17.875229	0.065087
18.000230	0.015992
18.125232	0.001167
18.250234	0.020551
18.375235	0.057126
18.500237	0.042621
18.625238	0.005731
18.750240	0.000751
18.875242	0.037167
19.000243	0.096984
19.125245	0.067017
19.250246	0.008475
19.375248	0.002227
19.500250	0.025422
19.625251	0.055908
19.750253	0.032109
19.875254	0.002234
20.000256	0.003437
20.125258	0.048261
20.250259	0.095379
20.375261	0.051153
20.500262	0.001709
20.625264	0.004128
20.750266	0.024952
20.875267	0.040408
21.000269	0.017398
21.125270	0.001333
21.250272	0.008015
21.375274	0.045900
21.500275	0.068802
21.625277	0.030193
21.750278	0.002297
21.875280	0.005347
22.000282	0.018487
22.125283	0.020058
22.250285	0.006944
22.375286	0.001743
22.500288	0.011831
22.625290	0.025726
22.750291	0.031158
22.875293	0.018532
23.000294	0.002986
23.125296	0.006856
23.250298	0.011712
23.375299	0.003082
23.500301	0.002421
23.625302	0.001690
23.750304	0.014567
23.875306	0.015050
24.000307	0.024234
24.125309	0.016418
24.250310	0.001781
24.375312	0.007686
24.500314	0.011900
24.625315	0.006071
24.750317	0.001099
24.875318	0.001502
25.000320	0.020813
25.125322	0.049344
25.250323	0.044048
25.375325	0.013591
25.500326	0.001176
25.625328	0.007428
25.750330	0.012091
25.875331	0.006106
26.000333	0.000476
26.125334	0.001814
26.250336	0.034494
26.375338	0.074466
26.500339	0.048421
26.625341	0.007789
26.750342	0.000966
26.875344	0.006058
27.000346	0.008451
27.125347	0.003134
27.250349	0.000167
27.375350	0.004607
27.500352	0.045962
27.625354	0.078323
27.750355	0.038206
27.875357	0.002606
28.000358	0.001372
28.125360	0.005041
28.250362	0.003411
28.375363	0.001256
28.500365	0.001825
28.625366	0.009780
28.750368	0.046755
28.875370	0.061480
29.000371	0.023772
29.125373	0.000429
29.250374	0.001384
29.375376	0.005282
29.500378	0.004900
29.625379	0.002580
29.750381	0.002857
29.875382	0.014614
30.000384	0.032494
30.125386	0.033486
30.250387	0.015258
30.375389	0.001332
30.500390	0.002443
30.625392	0.006779
30.750394	0.007609
30.875395	0.004264
31.000397	0.003549
31.125398	0.017096
31.250400	0.010818
31.375402	0.018031
31.500403	0.012717
31.625405	0.000848
31.750406	0.001411
31.875408	0.007197
32.000410	0.009762
32.125411	0.005339
32.250413	0.004327
32.375414	0.020207
32.500416	0.027445
32.625418	0.027697
32.750419	0.010046
32.875421	0.000872
33.000422	0.001832
33.125424	0.011415
33.250426	0.012005
33.375427	0.004538
33.500429	0.004497
33.625430	0.028812
33.750432	0.048930
33.875434	0.031070
34.000435	0.006129
34.125437	0.000656
34.250438	0.007416
34.375440	0.017208
34.500442	0.012449
34.625443	0.002152
34.750445	0.005939
34.875446	0.037654
35.000448	0.055136
35.125450	0.025172
35.250451	0.002639
35.375453	0.001816
35.500454	0.012816
35.625456	0.020240
35.750458	0.010436
35.875459	0.000764
36.000461	0.010545
36.125462	0.040173
36.250464	0.045607
36.375466	0.015372
36.500467	0.001179
36.625469	0.004315
36.750470	0.014450
36.875472	0.018272
37.000474	0.007944
37.125475	0.002443
37.250477	0.014771
37.375478	0.031611
37.500480	0.027971
37.625482	0.009545
37.750483	0.000664
37.875485	0.005624
38.000486	0.009610
38.125488	0.014469
38.250490	0.008082
38.375491	0.004108
38.500493	0.017174
38.625494	0.014430
38.750496	0.014853
38.875498	0.007922
39.000499	0.001770
39.125501	0.006141
39.250502	0.004697
39.375504	0.015199
39.500506	0.008109
39.625507	0.005640
39.750509	0.018257
39.875510	0.011911
40.000512	0.016449
40.125514	0.005976
40.250515	0.002897
40.375517	0.008259
40.500518	0.016727
40.625520	0.018728
40.750522	0.006872
40.875523	0.006192
41.000525	0.021223
41.125526	0.025800
41.250528	0.017663
41.375530	0.003328
41.500531	0.003485
41.625533	0.015824
41.750534	0.027367
41.875536	0.018459
42.000538	0.004320
42.125539	0.007187
42.250541	0.026126
42.375542	0.031458
42.500544	0.014083
42.625546	0.001712
42.750547	0.005384
42.875549	0.023103
43.000550	0.030967
43.125552	0.014622
43.250554	0.001796
43.375555	0.009592
43.500557	0.028217
43.625558	0.027238
43.750560	0.008271
43.875562	0.001324
44.000563	0.008732
44.125565	0.024977
44.250566	0.026868
44.375568	0.009774
44.500570	0.002218
44.625571	0.012338
44.750573	0.023363
44.875574	0.016960
45.000576	0.004348
45.125578	0.002248
45.250579	0.011983
45.375581	0.018315
45.500582	0.019734
45.625584	0.008597
45.750586	0.003973
45.875587	0.014249
46.000589	0.014081
46.125590	0.008846
46.250592	0.002749
46.375594	0.004082
46.500595	0.012189
46.625597	0.005498
46.750598	0.018391
46.875600	0.008874
47.000602	0.005365
47.125603	0.014230
47.250605	0.005577
47.375606	0.007176
47.500608	0.001188
47.625610	0.006046
47.750611	0.012455
47.875613	0.014097
48.000614	0.021072
48.125616	0.007752
48.250618	0.006321
48.375619	0.013878
48.500621	0.008999
48.625622	0.006876
48.750624	0.000143
48.875626	0.007457
49.000627	0.018522
49.125629	0.026707
49.250630	0.020005
49.375632	0.005161
49.500634	0.006667
49.625635	0.014028
49.750637	0.011543
49.875638	0.004883
50.000640	0.001044
50.125642	0.009045
50.250643	0.026301
50.375645	0.031621
50.500646	0.015218
50.625648	0.002943
50.750650	0.007072
50.875651	0.013771
51.000653	0.009446
51.125654	0.002141
51.250656	0.001445
51.375658	0.012368
51.500659	0.029326
51.625661	0.028048
51.750662	0.009619
51.875664	0.001886
52.000666	0.007772
52.125667	0.011706
52.250669	0.005088
52.375670	0.000566
52.500672	0.003311
52.625674	0.015925
52.750675	0.023792
52.875677	0.021185
53.000678	0.007635
53.125680	0.002274
53.250682	0.008466
53.375683	0.008841
53.500685	0.001436
53.625686	0.001298
53.750688	0.006287
53.875690	0.016560
54.000691	0.010651
54.125693	0.018357
54.250694	0.007479
54.375696	0.003724
54.500698	0.008642
54.625699	0.006309
54.750701	0.001056
54.875702	0.002536
55.000704	0.009346
55.125706	0.015320
55.250707	0.008798
55.375709	0.019674
55.500710	0.006328
55.625712	0.004217
55.750714	0.007654
55.875715	0.005294
56.000717	0.002586
56.125718	0.003522
56.250720	0.010865
56.375722	0.017344
56.500723	0.020866
56.625725	0.018354
56.750726	0.004629
56.875728	0.004303
57.000730	0.005342
57.125731	0.004090
57.250733	0.003050
57.375734	0.003449
57.500736	0.012199
57.625738	0.023743
57.750739	0.026162
57.875741	0.013862
58.000742	0.002903
58.125744	0.003348
58.250746	0.002006
58.375747	0.004144
58.500749	0.002958
58.625750	0.003547
58.750752	0.014700
58.875754	0.027282
59.000755	0.023653
59.125757	0.008610
59.250758	0.001515
59.375760	0.002043
59.500762	0.001610
59.625763	0.004950
59.750765	0.002243
59.875766	0.003658
60.000768	0.015522
60.125770	0.022448
60.250771	0.017665
60.375773	0.005510
60.500774	0.000878
60.625776	0.002021
60.750778	0.004444
60.875779	0.006152
61.000781	0.002904
61.125782	0.007325
61.250784	0.017793
61.375786	0.013071
61.500787	0.014780
61.625789	0.004674
61.750790	0.001141
61.875792	0.002598
62.000794	0.006748
62.125795	0.007849
62.250797	0.004364
62.375798	0.010359
62.500800	0.015371
62.625802	0.005994
62.750803	0.015211
62.875805	0.003830
63.000806	0.001868
63.125808	0.002180
63.250810	0.008915
63.375811	0.009127
63.500813	0.005413
63.625814	0.012376
63.750816	0.013878
63.875818	0.013996
64.000819	0.014143
64.125821	0.002736
64.250822	0.001667
64.375824	0.004417
64.500826	0.011155
64.625827	0.008681
64.750829	0.005509
64.875830	0.013306
65.000832	0.017125
65.125834	0.018138
65.250835	0.010441
65.375837	0.001324
65.500838	0.001569
65.625840	0.007682
65.750842	0.012278
65.875843	0.006908
66.000845	0.005497
66.125846	0.014258
66.250848	0.020139
66.375850	0.016605
66.500851	0.006606
66.625853	0.000376
66.750854	0.003530
66.875856	0.009661
67.000858	0.011460
67.125859	0.003978
67.250861	0.006018
67.375862	0.016064
67.500864	0.018221
67.625866	0.011745
67.750867	0.003656
67.875869	0.001590
68.000870	0.005516
68.125872	0.009395
68.250874	0.010834
68.375875	0.003163
68.500877	0.007736
68.625878	0.016170
68.750880	0.011499
68.875882	0.009471
69.000883	0.002864
69.125885	0.003572
69.250886	0.005103
69.375888	0.008174
69.500890	0.011819
69.625891	0.004251
69.750893	0.010568
69.875894	0.014116
70.000896	0.004671
70.125898	0.009130
70.250899	0.002242
70.375901	0.005349
70.500902	0.002597
70.625904	0.011060
70.750906	0.013167
70.875907	0.005556
71.000909	0.012275
71.125910	0.010918
71.250912	0.007374
71.375914	0.008007
71.500915	0.001882
71.625917	0.006030
71.750918	0.005606
71.875920	0.015203
72.000922	0.012447
72.125923	0.006221
72.250925	0.012705
72.375926	0.010245
72.500928	0.009904
72.625930	0.005617
72.750931	0.002446
72.875933	0.006294
73.000934	0.011485
73.125936	0.016668
73.250938	0.009752
73.375939	0.006702
73.500941	0.012324
73.625942	0.011278
73.750944	0.008847
73.875946	0.003330
74.000947	0.002902
74.125949	0.007898
74.250950	0.014404
74.375952	0.014945
74.500954	0.006058
74.625955	0.006460
74.750957	0.011951
74.875958	0.010426
75.000960	0.005954
75.125962	0.002347
75.250963	0.004241
75.375965	0.010147
75.500966	0.013094
75.625968	0.012413
75.750970	0.002980
75.875971	0.007110
76.000973	0.011711
76.125974	0.006896
76.250976	0.003497
76.375978	0.001929
76.500979	0.006824
76.625981	0.009837
76.750982	0.010106
76.875984	0.012759
77.000986	0.002950
77.125987	0.008636
77.250989	0.010537
77.375990	0.002331
77.500992	0.002432
77.625994	0.002392
77.750995	0.009278
77.875997	0.006155
78.000998	0.011718
78.126000	0.013769
78.251002	0.004295
78.376003	0.009783
78.501005	0.008355
78.626006	0.001341
78.751008	0.001390
78.876010	0.003974
79.001011	0.010429
79.126013	0.004807
79.251014	0.016103
79.376016	0.013393
79.501018	0.005589
79.626019	0.009670
79.751021	0.005704
79.876022	0.002111
80.001024	0.001191
80.126026	0.005342
80.251027	0.010169
80.376029	0.010549
80.501030	0.017396
80.626032	0.010631
80.751034	0.006158
80.876035	0.008785
81.001037	0.003772
81.126038	0.001130
81.251040	0.002061
81.376042	0.006165
81.501043	0.010394
81.626045	0.014139
81.751046	0.015280
81.876048	0.006837
82.001050	0.005584
82.126051	0.006907
82.251053	0.002179
82.376054	0.000140
82.501056	0.002092
82.626058	0.007039
82.751059	0.011966
82.876061	0.013403
83.001062	0.011870
83.126064	0.003512
83.251066	0.005165
83.376067	0.005572
83.501069	0.002041
83.626070	0.001754
83.751072	0.001316
83.876074	0.009034
84.001075	0.011984
84.126077	0.010392
84.251078	0.011293
84.376080	0.001682
84.501082	0.004836
84.626083	0.005243
84.751085	0.002829
84.876086	0.002793
85.001088	0.002789
85.126090	0.011796
85.251091	0.008134
85.376093	0.010643
85.501094	0.011753
85.626096	0.002604
85.751098	0.004903
85.876099	0.005019
86.001101	0.003827
86.126102	0.004497
86.251104	0.005316
86.376106	0.013061
86.501107	0.003728
86.626109	0.014200
86.751110	0.011348
86.876112	0.003789
87.001114	0.005080
87.126115	0.004601
87.251117	0.004656
87.376118	0.005841
87.501120	0.007805
87.626122	0.012293
87.751123	0.007306
87.876125	0.015406
88.001126	0.008902
88.126128	0.003808
88.251130	0.004111
88.376131	0.003938
88.501133	0.005437
88.626134	0.006117
88.751136	0.009034
88.876138	0.011171
89.001139	0.011134
89.126141	0.013346
89.251142	0.005823
89.376144	0.003516
89.501146	0.002659
89.626147	0.004020
89.751149	0.005260
89.876150	0.005298
90.001152	0.009543
90.126154	0.011301
90.251155	0.010952
90.376157	0.009936
90.501158	0.002914
90.626160	0.002546
90.751162	0.000873
90.876163	0.004549
91.001165	0.004857
91.126166	0.003425
91.251168	0.010211
91.376170	0.010747
91.501171	0.008011
91.626173	0.008239
91.751174	0.001141
91.876176	0.001154
92.001178	0.000849
92.126179	0.005920
92.251181	0.005913
92.376182	0.002769
92.501184	0.012062
92.626186	0.008132
92.751187	0.007576
92.876189	0.007956
93.001190	0.001444
93.126192	0.000411
93.251194	0.001992
93.376195	0.007826
93.501197	0.007545
93.626198	0.005540
93.751200	0.013088
93.876202	0.003283
94.001203	0.010428
94.126205	0.007311
94.251206	0.001884
94.376208	0.000443
94.501210	0.004395
94.626211	0.010010
94.751213	0.008925
94.876214	0.008496
95.001216	0.012199
95.126218	0.003701
95.251219	0.011479
95.376221	0.005598
95.501222	0.002367
95.626224	0.000541
95.751226	0.006390
95.876227	0.010549
96.001229	0.009116
96.126230	0.010283
96.251232	0.010249
96.376234	0.007144
96.501235	0.009759
96.626237	0.003166
96.751238	0.001754
96.876240	0.002331
97.001242	0.007659
97.126243	0.009374
97.251245	0.008069
97.376246	0.010223
97.501248	0.008537
97.626250	0.007295
97.751251	0.006855
97.876253	0.000869
98.001254	0.001466
98.126256	0.003916
98.251258	0.007657
98.376259	0.007505
98.501261	0.005984
98.626262	0.010061
98.751264	0.007936
98.876266	0.004971
99.001267	0.005169
99.126269	0.001405
99.251270	0.002759
99.376272	0.003405
99.501274	0.007804
99.626275	0.007210
99.751277	0.003735
99.876278	0.010422
100.001280	0.006374
100.126282	0.003847
100.251283	0.004517
100.376285	0.002387
100.501286	0.004406
100.626288	0.001270
100.751290	0.010306
100.876291	0.008611
101.001293	0.005113
101.126294	0.010845
101.251296	0.003170
101.376298	0.004959
101.501299	0.003419
101.626301	0.003657
101.751302	0.004857
101.876304	0.003483
102.001306	0.012817
102.126307	0.009705
102.251309	0.008127
102.376310	0.010390
102.501312	0.001338
102.626314	0.005446
102.751315	0.001727
102.876317	0.004699
103.001318	0.003870
103.126320	0.007345
103.251322	0.013785
103.376323	0.010159
103.501325	0.009386
103.626326	0.007963
103.751328	0.002878
103.876330	0.003976
104.001331	0.001374
104.126333	0.005214
104.251334	0.003782
104.376336	0.009524
104.501338	0.012227
104.626339	0.009363
104.751341	0.009402
104.876342	0.005445
105.001344	0.003208
105.126346	0.002461
105.251347	0.002763
105.376349	0.004872
105.501350	0.005184
105.626352	0.008797
105.751354	0.009246
105.876355	0.007604
106.001357	0.008655
106.126358	0.004094
106.251360	0.002348
106.376362	0.001856
106.501363	0.003275
106.626365	0.005367
106.751366	0.005270
106.876368	0.007860
107.001370	0.007223
107.126371	0.004810
107.251373	0.007443
107.376374	0.003507
107.501376	0.000823
107.626378	0.001334
107.751379	0.003895
107.876381	0.007233
108.001382	0.002682
108.126384	0.009622
108.251386	0.007089
108.376387	0.004163
108.501389	0.006924
108.626390	0.002706
108.751392	0.000591
108.876394	0.000943
109.001395	0.005357
109.126397	0.007393
109.251398	0.002807
109.376400	0.012980
109.501402	0.008571
109.626403	0.005416
109.751405	0.006361
109.876406	0.001596
110.001408	0.001385
110.126410	0.002906
110.251411	0.007546
110.376413	0.006257
110.501414	0.006887
110.626416	0.013822
110.751418	0.009106
110.876419	0.006972
111.001421	0.005413
111.126422	0.000756
111.251424	0.002509
111.376426	0.005172
111.501427	0.008563
111.626429	0.004679
111.751430	0.009249
111.876432	0.012411
112.001434	0.008621
112.126435	0.007013
112.251437	0.003363
112.376438	0.001102
112.501440	0.003340
112.626442	0.006707
112.751443	0.007757
112.876445	0.004845
113.001446	0.008764
113.126448	0.009345
113.251450	0.006927
113.376451	0.005889
113.501453	0.001013
113.626454	0.002301
113.751456	0.003324
113.876458	0.006824
114.001459	0.006876
114.126461	0.004878
114.251462	0.006712
114.376464	0.006363
114.501466	0.004627
114.626467	0.004350
114.751469	0.001078
114.876470	0.003228
115.001472	0.002100
115.126474	0.006137
115.251475	0.007586
115.376477	0.002977
115.501478	0.007495
115.626480	0.005222
115.751482	0.003318
115.876483	0.003234
116.001485	0.002367
116.126486	0.004646
116.251488	0.001308
116.376490	0.006598
116.501491	0.007839
116.626493	0.001794
116.751494	0.010196
116.876496	0.005906
117.001498	0.002541
117.126499	0.002367
117.251501	0.003064
117.376502	0.006199
117.501504	0.004306
117.626506	0.008654
117.751507	0.006649
117.876509	0.005803
118.001510	0.011225
118.126512	0.006280
118.251514	0.002874
118.376515	0.002374
118.501517	0.003902
118.626518	0.007832
118.751520	0.007630
118.876522	0.009736
119.001523	0.004105
119.126525	0.008197
119.251526	0.010101
119.376528	0.005544
119.501530	0.002818
119.626531	0.002308
119.751533	0.004675
119.876534	0.008492
120.001536	0.010089
120.126538	0.009260
120.251539	0.003646
120.376541	0.007686
120.501542	0.007464
120.626544	0.004189
120.751546	0.002553
120.876547	0.002020
121.001549	0.004723
121.126550	0.007327
121.251552	0.009977
121.376554	0.007601
121.501555	0.003983
121.626557	0.005667
121.751558	0.005055
121.876560	0.002582
122.001562	0.001878
122.126563	0.001464
122.251565	0.004711
122.376566	0.004846
122.501568	0.008231
122.626570	0.006573
122.751571	0.002748
122.876573	0.005011
123.001574	0.003717
123.126576	0.001107
123.251578	0.001790
123.376579	0.002080
123.501581	0.006411
123.626582	0.001436
123.751584	0.007551
123.876586	0.006751
124.001587	0.000185
124.126589	0.006364
124.251590	0.003752
124.376592	0.000441
124.501594	0.000996
124.626595	0.004497
124.751597	0.009246
124.876598	0.003825
125.001600	0.008092
125.126602	0.005499
125.251603	0.003471
125.376605	0.006955
125.501606	0.003517
125.626608	0.000854
125.751610	0.000763
125.876611	0.006479
126.001613	0.011207
126.126614	0.008103
126.251616	0.009209
126.376618	0.003411
126.501619	0.005323
126.626621	0.005888
126.751622	0.002536
126.876624	0.001055
127.001626	0.002028
127.126627	0.007794
127.251629	0.011819
127.376630	0.010679
127.501632	0.008539
127.626634	0.002067
127.751635	0.005255
127.876637	0.003840
128.001638	0.001517
128.126640	0.000695
128.251642	0.003085
128.376643	0.007128
128.501645	0.010586
128.626646	0.011086
128.751648	0.006593
128.876650	0.002618
129.001651	0.003423
129.126653	0.002008
129.251654	0.001185
129.376656	0.002108
129.501658	0.002583
129.626659	0.005641
129.751661	0.007596
129.876662	0.009503
130.001664	0.004759
130.126666	0.002772
130.251667	0.002307
130.376669	0.002275
130.501670	0.001576
130.626672	0.003094
130.751674	0.001620
130.876675	0.006768
131.001677	0.003463
131.126678	0.007454
131.251680	0.004291
131.376682	0.001367
131.501683	0.002481
131.626685	0.002557
131.751686	0.002563
131.876688	0.003022
132.001690	0.004312
132.126691	0.009478
132.251693	0.002167
132.376694	0.006660
132.501696	0.003783
132.626698	0.000794
132.751699	0.002261
132.876701	0.002335
133.001702	0.003977
133.126704	0.001784
133.251706	0.007513
133.376707	0.011815
133.501709	0.006520
133.626710	0.006969
133.751712	0.002658
133.876714	0.001280
134.001715	0.000871
134.126717	0.002872
134.251718	0.004088
134.376720	0.001690
134.501722	0.009417
134.626723	0.012785
134.751725	0.009352
134.876726	0.006644
135.001728	0.001034
135.126730	0.000992
135.251731	0.001421
135.376733	0.004473
135.501734	0.003037
135.626736	0.003467
135.751738	0.008783
135.876739	0.011748
136.001741	0.009966
136.126742	0.005121
136.251744	0.001213
136.376746	0.000455
136.501747	0.003082
136.626749	0.005014
136.751750	0.002504
136.876752	0.003472
137.001754	0.006737
137.126755	0.009251
137.251757	0.008852
137.376758	0.003012
137.501760	0.002176
137.626762	0.000272
137.751763	0.004101
137.876765	0.004434
138.001766	0.003291
138.126768	0.001123
138.251770	0.005767
138.376771	0.005041
138.501773	0.006440
138.626774	0.001442
138.751776	0.002064
138.876778	0.000187
139.001779	0.003181
139.126781	0.004202
139.251782	0.003906
139.376784	0.002994
139.501786	0.007749
139.626787	0.000322
139.751789	0.004570
139.876790	0.001747
140.001792	0.002236
140.126794	0.001593
140.251795	0.002077
140.376797	0.005099
140.501798	0.002433
140.626800	0.006795
140.751802	0.010028
140.876803	0.003917
141.001805	0.003759
141.126806	0.001908
141.251808	0.002623
141.376810	0.003768
141.501811	0.004558
141.626813	0.005612
141.751814	0.001625
141.876816	0.008832
142.001818	0.011106
142.126819	0.006171
142.251821	0.003422
142.376822	0.000972
142.501824	0.003350
142.626826	0.006214
142.751827	0.007359
142.876829	0.004566
143.001830	0.003395
143.126832	0.008663
143.251834	0.010509
143.376835	0.006974
143.501837	0.003276
143.626838	0.000434
143.751840	0.003657
143.876842	0.007721
144.001843	0.008152
144.126845	0.002555
144.251846	0.003777
144.376848	0.006748
144.501850	0.008238
144.626851	0.006060
144.751853	0.002015
144.876854	0.001141
145.001856	0.003393
145.126858	0.008025
145.251859	0.007151
145.376861	0.002839
145.501862	0.002140
145.626864	0.004851
145.751866	0.004779
145.876867	0.004584
146.001869	0.000646
146.126870	0.002168
146.251872	0.002588
146.376874	0.006058
146.501875	0.005340
146.626877	0.003448
146.751878	0.001213
146.876880	0.005074
147.001882	0.001270
147.126883	0.003057
147.251885	0.000487
147.376886	0.003735
147.501888	0.003137
147.626890	0.002774
147.751891	0.004949
147.876893	0.002689
148.001894	0.004768
148.126896	0.006969
148.251898	0.001226
148.376899	0.001561
148.501901	0.001206
148.626902	0.005455
148.751904	0.005853
148.876906	0.004571
149.001907	0.005441
149.126909	0.001672
149.251910	0.006468
149.376912	0.007629
149.501914	0.002566
149.626915	0.000887
149.751917	0.001865
149.876918	0.007006
150.001920	0.009037
150.126922	0.007881
150.251923	0.004397
150.376925	0.002848
150.501926	0.006697
150.626928	0.007187
150.751930	0.002874
150.876931	0.001225
151.001933	0.002257
151.126934	0.007595
151.251936	0.011225
151.376938	0.009340
151.501939	0.002642
151.626941	0.003717
151.751942	0.005315
151.876944	0.005267
152.001946	0.002354
152.126947	0.001467
152.251949	0.001824
152.376950	0.006864
152.501952	0.011302
152.626954	0.008227
152.751955	0.002060
152.876957	0.002847
153.001958	0.003496
153.126960	0.002626
153.251962	0.001889
153.376963	0.001483
153.501965	0.001094
153.626966	0.004808
153.751968	0.008538
153.876970	0.005517
154.001971	0.003178
154.126973	0.000561
154.251974	0.003024
154.376976	0.000703
154.501978	0.002067
154.626979	0.000943
154.751981	0.003553
154.876982	0.003516
155.001984	0.004472
155.126986	0.004067
155.251987	0.003138
155.376989	0.001628
155.501990	0.003793
155.626992	0.000646
155.751994	0.002052
155.876995	0.000770
156.001997	0.006638
156.126998	0.005995
156.252000	0.003250
156.377002	0.004022
156.502003	0.001781
156.627005	0.003181
156.752006	0.003851
156.877008	0.000612
157.002010	0.001629
157.127011	0.002524
157.252013	0.009020
157.377014	0.009823
157.502016	0.006736
157.627018	0.003625
157.752019	0.001575
157.877021	0.003151
158.002022	0.002681
158.127024	0.001211
158.252026	0.000605
158.377027	0.003887
158.502029	0.010093
158.627030	0.012575
158.752032	0.008412
158.877034	0.002099
159.002035	0.002176
159.127037	0.002003
159.252038	0.000689
159.377040	0.001280
159.502042	0.001445
159.627043	0.003640
159.752045	0.009559
159.877046	0.012988
160.002048	0.007727
160.127050	0.001154
160.252051	0.002270
160.377053	0.000536
160.502054	0.001253
160.627056	0.001007
160.752058	0.002366
160.877059	0.001718
161.002061	0.007483
161.127062	0.010467
161.252064	0.005213
161.377066	0.002324
161.502067	0.001227
161.627069	0.001368
161.752070	0.002085
161.877072	0.001705
162.002074	0.002323
162.127075	0.001840
162.252077	0.004258
162.377078	0.005989
162.502080	0.002610
162.627082	0.002639
162.752083	0.000372
162.877085	0.001807
163.002086	0.001274
163.127088	0.002841
163.252090	0.001411
163.377091	0.005643
163.502093	0.004305
163.627094	0.002410
163.752096	0.002083
163.877098	0.002051
164.002099	0.000800
164.127101	0.001031
164.252102	0.001858
164.377104	0.002852
164.502106	0.002451
164.627107	0.008694
164.752109	0.008274
164.877110	0.004279
165.002112	0.002673
165.127114	0.000785
165.252115	0.001731
165.377117	0.001826
165.502118	0.003855
165.627120	0.001591
165.752122	0.004317
165.877123	0.010383
166.002125	0.011119
166.127126	0.005774
166.252128	0.002063
166.377130	0.000414
166.502131	0.002679
166.627133	0.004424
166.752134	0.004200
166.877136	0.001363
167.002138	0.004701
167.127139	0.010098
167.252141	0.011566
167.377142	0.005595
167.502144	0.000822
167.627146	0.001165
167.752147	0.003789
167.877149	0.006293
168.002150	0.003396
168.127152	0.002921
168.252154	0.003294
168.377155	0.008366
168.502157	0.009678
168.627158	0.003939
168.752160	0.001028
168.877162	0.001040
169.002163	0.004202
169.127165	0.005692
169.252166	0.001824
169.377168	0.003361
169.502170	0.000561
169.627171	0.004817
169.752173	0.006224
169.877174	0.002103
170.002176	0.001486
170.127178	0.001106
170.252179	0.002984
170.377181	0.003225
170.502182	0.002649
170.627184	0.002673
170.752186	0.003310
170.877187	0.002335
171.002189	0.002701
171.127190	0.000452
171.252192	0.001633
171.377194	0.002247
171.502195	0.000396
171.627197	0.001555
171.752198	0.003081
171.877200	0.002490
172.002202	0.006694
172.127203	0.005243
172.252205	0.001403
172.377206	0.001090
172.502208	0.001691
172.627210	0.004196
172.752211	0.003850
172.877213	0.004233
173.002214	0.002320
173.127216	0.003974
173.252218	0.008587
173.377219	0.007717
173.502221	0.002328
173.627222	0.001399
173.752224	0.002420
173.877226	0.006264
174.002227	0.007673
174.127229	0.005540
174.252230	0.001569
174.377232	0.004632
174.502234	0.008905
174.627235	0.008148
174.752237	0.002735
174.877238	0.001335
175.002240	0.002719
175.127242	0.007746
175.252243	0.009588
175.377245	0.004327
175.502246	0.003080
175.627248	0.003831
175.752250	0.007375
175.877251	0.006734
176.002253	0.002345
176.127254	0.000885
176.252256	0.002152
176.377258	0.007765
176.502259	0.008858
176.627261	0.002236
176.752262	0.003884
176.877264	0.001711
177.002266	0.004568
177.127267	0.004437
177.252269	0.001479
177.377270	0.000354
177.502272	0.001055
177.627274	0.005544
177.752275	0.005257
177.877277	0.002150
178.002278	0.002917
178.127280	0.001609
178.252282	0.001870
178.377283	0.002541
178.502285	0.000824
178.627286	0.001260
178.752288	0.002647
178.877290	0.001517
179.002291	0.001343
179.127293	0.003220
179.252294	0.002080
179.377296	0.003972
179.502298	0.002664
179.627299	0.001060
179.752301	0.000272
179.877302	0.002808
180.002304	0.006554
180.127306	0.005038
180.252307	0.003623
180.377309	0.002700
180.502310	0.002523
180.627312	0.005508
180.752314	0.003717
180.877315	0.000539
181.002317	0.000872
181.127318	0.004341
181.252320	0.008898
181.377322	0.008778
181.502323	0.005068
181.627325	0.001841
181.752326	0.003319
181.877328	0.005484
182.002330	0.003495
182.127331	0.000272
182.252333	0.001991
182.377334	0.005025
182.502336	0.011014
182.627338	0.011171
182.752339	0.004438
182.877341	0.002398
183.002342	0.003117
183.127344	0.004187
183.252346	0.002406
183.377347	0.000594
183.502349	0.002287
183.627350	0.004629
183.752352	0.011333
183.877354	0.010438
184.002355	0.002354
184.127357	0.003159
184.252358	0.002050
184.377360	0.002346
184.502362	0.001519
184.627363	0.001427
184.752365	0.002255
184.877366	0.002825
185.002368	0.008663
185.127370	0.006751
185.252371	0.001719
185.377373	0.003069
185.502374	0.000410
185.627376	0.000561
185.752378	0.001257
185.877379	0.001962
186.002381	0.001685
186.127382	0.001524
186.252384	0.003743
186.377386	0.002161
186.502387	0.002938
186.627389	0.001867
186.752390	0.001304
186.877392	0.001050
187.002394	0.001654
187.127395	0.001361
187.252397	0.002780
187.377398	0.004913
187.502400	0.002608
187.627402	0.001913
187.752403	0.002885
187.877405	0.000706
188.002406	0.001844
188.127408	0.000610
188.252410	0.002331
188.377411	0.000872
188.502413	0.004871
188.627414	0.008897
188.752416	0.007553
188.877418	0.004077
189.002419	0.002040
189.127421	0.001426
189.252422	0.001638
189.377424	0.001288
189.502426	0.001866
189.627427	0.002379
189.752429	0.006031
189.877430	0.011742
190.002432	0.010175
190.127434	0.004050
190.252435	0.001036
190.377437	0.001815
190.502438	0.000735
190.627440	0.002669
190.752442	0.000803
190.877443	0.003711
191.002445	0.005965
191.127446	0.012309
191.252448	0.009544
191.377450	0.002251
191.502451	0.001715
191.627453	0.001826
191.752454	0.002002
191.877456	0.002667
192.002458	0.001610
192.127459	0.004070
192.252461	0.004527
192.377462	0.010089
192.502464	0.006692
192.627466	0.001147
192.752467	0.001700
192.877469	0.001479
193.002470	0.002674
193.127472	0.001268
193.252474	0.002567
193.377475	0.002925
193.502477	0.001782
193.627478	0.005673
193.752480	0.002919
193.877482	0.001851
194.002483	0.001152
194.127485	0.000857
194.252486	0.001676
194.377488	0.001147
194.502490	0.002881
194.627491	0.002614
194.752493	0.002901
194.877494	0.001031
195.002496	0.000797
195.127498	0.002348
195.252499	0.000439
195.377501	0.000510
195.502502	0.001397
195.627504	0.003172
195.752506	0.002202
195.877507	0.004145
196.002509	0.006987
196.127510	0.004786
196.252512	0.002639
196.377514	0.001783
196.502515	0.001586
196.627517	0.002378
196.752518	0.004103
196.877520	0.003285
197.002522	0.002353
197.127523	0.005736
197.252525	0.010064
197.377526	0.006874
197.502528	0.002946
197.627530	0.000788
197.752531	0.002673
197.877533	0.004788
198.002534	0.006053
198.127536	0.002122
198.252538	0.003649
198.377539	0.006303
198.502541	0.011019
198.627542	0.006906
198.752544	0.002365
198.877546	0.000469
199.002547	0.003349
199.127549	0.006426
199.252550	0.005765
199.377552	0.001474
199.502554	0.004412
199.627555	0.005346
199.752557	0.009319
199.877558	0.004897
200.002560	0.001283
200.127562	0.000693
200.252563	0.003145
200.377565	0.006110
200.502566	0.003187
200.627568	0.003163
200.752570	0.003758
200.877571	0.003017
201.002573	0.005790
201.127574	0.002637
201.252576	0.000315
201.377578	0.000291
201.502579	0.001973
201.627581	0.003607
201.752582	0.000574
201.877584	0.003844
202.002586	0.002674
202.127587	0.000745
202.252589	0.001750
202.377590	0.000615
202.502592	0.000723
202.627594	0.001092
202.752595	0.000906
202.877597	0.001323
203.002598	0.003103
203.127600	0.003206
203.252602	0.003019
203.377603	0.004123
203.502605	0.001945
203.627606	0.001189
203.752608	0.001092
203.877610	0.002727
204.002611	0.004344
204.127613	0.005206
204.252614	0.004192
204.377616	0.002286
204.502618	0.004401
204.627619	0.006942
204.752621	0.003566
204.877622	0.001739
205.002624	0.001689
205.127626	0.004704
205.252627	0.008031
205.377629	0.007662
205.502630	0.003261
205.627632	0.003159
205.752634	0.005384
205.877635	0.007712
206.002637	0.003365
206.127638	0.001716
206.252640	0.002323
206.377642	0.005796
206.502643	0.009998
206.627645	0.007202
206.752646	0.001911
206.877648	0.004022
207.002650	0.005001
207.127651	0.006596
207.252653	0.002451
207.377654	0.001768
207.502656	0.002478
207.627658	0.005840
207.752659	0.009370
207.877661	0.004507
208.002662	0.002833
208.127664	0.003623
208.252666	0.003451
208.377667	0.004170
208.502669	0.001577
208.627670	0.001598
208.752672	0.001785
208.877674	0.004197
209.002675	0.005986
209.127677	0.000827
209.252678	0.003991
209.377680	0.002672
209.502682	0.000922
209.627683	0.001790
209.752685	0.001132
209.877686	0.001524
210.002688	0.001507
210.127690	0.001140
210.252691	0.002323
210.377693	0.003108
210.502694	0.003467
210.627696	0.001660
210.752698	0.001351
210.877699	0.000122
211.002701	0.000815
211.127702	0.001373
211.252704	0.003212
211.377706	0.004528
211.502707	0.005033
211.627709	0.004579
211.752710	0.002067
211.877712	0.001606
212.002714	0.001770
212.127715	0.000733
212.252717	0.000312
212.377718	0.002325
212.502720	0.005671
212.627722	0.009039
212.752723	0.007506
212.877725	0.003846
213.002726	0.001868
213.127728	0.002964
213.252730	0.002778
213.377731	0.000933
213.502733	0.001201
213.627734	0.003470
213.752736	0.007529
213.877738	0.011472
214.002739	0.007406
214.127741	0.002085
214.252742	0.002650
214.377744	0.002906
214.502746	0.002080
214.627747	0.000754
214.752749	0.002500
214.877750	0.004084
215.002752	0.008067
215.127754	0.010948
215.252755	0.004848
215.377757	0.001931
215.502758	0.002888
215.627760	0.001990
215.752762	0.001284
215.877763	0.000295
216.002765	0.003503
216.127766	0.003613
216.252768	0.006534
216.377770	0.007552
216.502771	0.001228
216.627773	0.002940
216.752774	0.002409
216.877776	0.001132
217.002778	0.000432
217.127779	0.001752
217.252781	0.003511
217.377782	0.002266
217.502784	0.002926
217.627786	0.003448
217.752787	0.002380
217.877789	0.002816
218.002790	0.001366
218.127792	0.000770
218.252794	0.001082
218.377795	0.002553
218.502797	0.002689
218.627798	0.002399
218.752800	0.002473
218.877802	0.003843
219.002803	0.003969
219.127805	0.001879
219.252806	0.000541
219.377808	0.000788
219.502810	0.002713
219.627811	0.002521
219.752813	0.002666
219.877814	0.005086
220.002816	0.007368
220.127818	0.006239
220.252819	0.003879
220.377821	0.000692
220.502822	0.001189
220.627824	0.002035
220.752826	0.003676
220.877827	0.001920
221.002829	0.003551
221.127830	0.007556
221.252832	0.010247
221.377834	0.006309
221.502835	0.002449
221.627837	0.001314
221.752838	0.001956
221.877840	0.003469
222.002842	0.003050
222.127843	0.002622
222.252845	0.004319
222.377846	0.008566
222.502848	0.010108
222.627850	0.004456
222.752851	0.000757
222.877853	0.001795
223.002854	0.002298
223.127856	0.003860
223.252858	0.000978
223.377859	0.004207
223.502861	0.004539
223.627862	0.007529
223.752864	0.007200
223.877866	0.001670
224.002867	0.001084
224.127869	0.001909
224.252870	0.002300
224.377872	0.002767
224.502874	0.001952
224.627875	0.004729
224.752877	0.003450
224.877878	0.004397
225.002880	0.003774
225.127882	0.000980
225.252883	0.001348
225.377885	0.000891
225.502886	0.001183
225.627888	0.001918
225.752890	0.003972
225.877891	0.004087
226.002893	0.002342
226.127894	0.000872
226.252896	0.002746
226.377898	0.002080
226.502899	0.000698
226.627901	0.000593
226.752902	0.002196
226.877904	0.004380
227.002906	0.004470
227.127907	0.003053
227.252909	0.003703
227.377910	0.004583
227.502912	0.004092
227.627914	0.002324
227.752915	0.000296
227.877917	0.002255
228.002918	0.004817
228.127920	0.005933
228.252922	0.003676
228.377923	0.003225
228.502925	0.006094
228.627926	0.007143
228.752928	0.004420
228.877930	0.001612
229.002931	0.001600
229.127933	0.004236
229.252934	0.007034
229.377936	0.005189
229.502938	0.003023
229.627939	0.004037
229.752941	0.007502
229.877942	0.007271
230.002944	0.003190
230.127946	0.000792
230.252947	0.002517
230.377949	0.005364
230.502950	0.007014
230.627952	0.002363
230.752954	0.003985
230.877955	0.004443
231.002957	0.007009
231.127958	0.005395
231.252960	0.001980
231.377962	0.001312
231.502963	0.002368
231.627965	0.004770
231.752966	0.004778
231.877968	0.001376
232.002970	0.004836
232.127971	0.004101
232.252973	0.004759
232.377974	0.002703
232.502976	0.000739
232.627978	0.001480
232.752979	0.001569
232.877981	0.002777
233.002982	0.002983
233.127984	0.004167
233.252986	0.004396
233.377987	0.002764
233.502989	0.001502
233.627990	0.001420
233.752992	0.000297
233.877994	0.001276
234.002995	0.000738
234.127997	0.002464
234.252998	0.005306
234.378000	0.005295
234.503002	0.003310
234.628003	0.002196
234.753005	0.001878
234.878006	0.001731
235.003008	0.000199
235.128010	0.001298
235.253011	0.003381
235.378013	0.006144
235.503014	0.007071
235.628016	0.004440
235.753018	0.002381
235.878019	0.003544
236.003021	0.003519
236.128022	0.001783
236.253024	0.000833
236.378026	0.002356
236.503027	0.006055
236.628029	0.008776
236.753030	0.006664
236.878032	0.003085
237.003034	0.002911
237.128035	0.004754
237.253037	0.003665
237.378038	0.001591
237.503040	0.001894
237.628042	0.003397
237.753043	0.007826
237.878045	0.008902
238.003046	0.003677
238.128048	0.003185
238.253050	0.003657
238.378051	0.004375
238.503053	0.002294
238.628054	0.001805
238.753056	0.002983
238.878058	0.004122
239.003059	0.007559
239.128061	0.006306
239.253062	0.000270
239.378064	0.004044
239.503066	0.003826
239.628067	0.003279
239.753069	0.000981
239.878070	0.002058
240.003072	0.003171
240.128074	0.003400
240.253075	0.005006
240.378077	0.003722
240.503078	0.003499
240.628080	0.004033
240.753082	0.002891
240.878083	0.001535
241.003085	0.000218
241.128086	0.002475
241.253088	0.003038
241.378090	0.001742
241.503091	0.002378
241.628093	0.005288
241.753094	0.004862
241.878096	0.003279
242.003098	0.001887
242.128099	0.000577
242.253101	0.001571
242.378102	0.002549
242.503104	0.002455
242.628106	0.002758
242.753107	0.005641
242.878109	0.007358
243.003110	0.004567
243.128112	0.002042
243.253114	0.001119
243.378115	0.001146
243.503117	0.001780
243.628118	0.002112
243.753120	0.002735
243.878122	0.006240
244.003123	0.008817
244.128125	0.007261
244.253126	0.003090
244.378128	0.001429
244.503130	0.000966
244.628131	0.001986
244.753133	0.001474
244.878134	0.002346
245.003136	0.003795
245.128138	0.008356
245.253139	0.008818
245.378141	0.004702
245.503142	0.001756
245.628144	0.001832
245.753146	0.000637
245.878147	0.002126
246.003149	0.000774
246.128150	0.003606
246.253152	0.005059
246.378154	0.008589
246.503155	0.006262
246.628157	0.001324
246.753158	0.002398
246.878160	0.002304
247.003162	0.000221
247.128163	0.001348
247.253165	0.002654
247.378166	0.004580
247.503168	0.004914
247.628170	0.006084
247.753171	0.003278
247.878173	0.001810
248.003174	0.002777
248.128176	0.002022
248.253178	0.000224
248.378179	0.002039
248.503181	0.004154
248.628182	0.004444
248.753184	0.003290
248.878186	0.002912
249.003187	0.004267
249.128189	0.003302
249.253190	0.002275
249.378192	0.001297
249.503194	0.001488
249.628195	0.004167
249.753197	0.004712
249.878198	0.003804
250.003200	0.001961
250.128202	0.004429
250.253203	0.005991
250.378205	0.003422
250.503206	0.001488
250.628208	0.001410
250.753210	0.003440
250.878211	0.005250
251.003213	0.004008
251.128214	0.003077
251.253216	0.004647
251.378218	0.007174
251.503219	0.005910
251.628221	0.002270
251.753222	0.000419
251.878224	0.002347
252.003226	0.004986
252.128227	0.004711
252.253229	0.003169
252.378230	0.003743
252.503232	0.007182
252.628234	0.007314
252.753235	0.004357
252.878237	0.000933
253.003238	0.001142
253.128240	0.003258
253.253242	0.004872
253.378243	0.002550
253.503245	0.003529
253.628246	0.005071
253.753248	0.007829
253.878250	0.005231
254.003251	0.001982
254.128253	0.000943
254.253254	0.001812
254.378256	0.003238
254.503258	0.003180
254.628259	0.001946
254.753261	0.004427
254.878262	0.005392
255.003264	0.006003
255.128266	0.002536
255.253267	0.000656
255.378269	0.001530
255.503270	0.001533
255.628272	0.002163
255.753274	0.003078
255.878275	0.004338
