0.000000	0.007725
0.125002	0.015176
0.250003	0.004911
0.375005	0.008257
0.500006	0.007339
0.625008	0.005367
0.750010	0.002069
0.875011	0.001688
1.000013	0.001444
1.125014	0.000467
1.250016	0.001899
1.375018	0.000771
1.500019	0.000573
1.625021	0.000591
1.750022	0.001214
1.875024	0.001448
2.000026	0.001352
2.125027	0.001584
2.250029	0.002090
2.375030	0.002319
2.500032	0.001501
2.625034	0.001128
2.750035	0.000154
2.875037	0.001709
3.000038	0.001646
3.125040	0.001275
3.250042	0.000855
3.375043	0.000588
3.500045	0.001651
3.625046	0.002646
3.750048	0.003384
3.875050	0.003235
4.000051	0.002172
4.125053	0.001184
4.250054	0.000271
4.375056	0.002139
4.500058	0.001659
4.625059	0.001507
4.750061	0.001367
4.875062	0.001000
5.000064	0.000446
5.125066	0.000555
5.250067	0.000881
5.375069	0.002107
5.500070	0.002618
5.625072	0.005387
5.750074	0.013084
5.875075	0.034963
6.000077	0.081294
6.125078	0.080609
6.250080	0.036851
6.375082	0.016075
6.500083	0.006625
6.625085	0.001328
6.750086	0.000603
6.875088	0.000772
7.000090	0.000931
7.125091	0.001114
7.250093	0.000748
7.375094	0.000279
7.500096	0.000433
7.625098	0.000823
7.750099	0.000650
7.875101	0.000317
8.000102	0.000795
8.125104	0.001677
8.250106	0.001535
8.375107	0.001440
8.500109	0.001066
8.625110	0.000907
8.750112	0.000317
8.875114	0.000826
9.000115	0.001355
9.125117	0.000814
9.250118	0.001461
9.375120	0.001327
9.500122	0.001216
9.625123	0.001352
9.750125	0.001184
9.875126	0.001222
10.000128	0.001235
10.125130	0.001403
10.250131	0.001258
10.375133	0.001390
10.500134	0.001796
10.625136	0.001243
10.750138	0.001880
10.875139	0.001930
11.000141	0.001875
11.125142	0.001494
11.250144	0.001198
11.375146	0.000661
11.500147	0.000651
11.625149	0.000786
11.750150	0.000645
11.875152	0.000539
12.000154	0.000716
12.125155	0.001032
12.250157	0.001825
12.375158	0.005434
12.500160	0.008835
12.625162	0.009404
12.750163	0.003976
12.875165	0.001212
13.000166	0.001216
13.125168	0.000763
13.250170	0.000465
13.375171	0.000787
13.500173	0.001073
13.625174	0.000988
13.750176	0.000954
13.875178	0.001190
14.000179	0.000984
14.125181	0.000790
14.250182	0.001293
14.375184	0.001237
14.500186	0.001504
14.625187	0.001203
14.750189	0.001008
14.875190	0.000787
15.000192	0.001386
15.125194	0.001991
15.250195	0.002265
15.375197	0.002507
15.500198	0.002147
15.625200	0.001616
15.750202	0.001507
15.875203	0.001493
16.000205	0.001962
16.125206	0.002034
16.250208	0.001957
16.375210	0.002003
16.500211	0.001840
16.625213	0.001718
16.750214	0.001472
16.875216	0.001518
17.000218	0.001449
17.125219	0.001460
17.250221	0.001720
17.375222	0.001911
17.500224	0.001325
17.625226	0.000967
17.750227	0.001566
17.875229	0.002865
18.000230	0.002912
18.125232	0.002808
18.250234	0.001971
18.375235	0.001901
18.500237	0.002177
18.625238	0.002382
18.750240	0.001597
18.875242	0.000835
19.000243	0.000766
19.125245	0.000694
19.250246	0.000456
19.375248	0.000552
19.500250	0.001255
19.625251	0.001811
19.750253	0.001936
19.875254	0.002165
20.000256	0.001859
20.125258	0.001113
20.250259	0.000919
20.375261	0.000992
20.500262	0.001350
20.625264	0.001206
20.750266	0.001052
20.875267	0.000411
21.000269	0.000920
21.125270	0.002069
21.250272	0.002566
21.375274	0.002609
21.500275	0.001993
21.625277	0.001449
21.750278	0.001146
21.875280	0.001345
22.000282	0.001770
22.125283	0.002114
22.250285	0.002425
22.375286	0.002448
22.500288	0.002079
22.625290	0.001922
22.750291	0.001667
22.875293	0.002393
23.000294	0.002705
23.125296	0.002359
23.250298	0.001613
23.375299	0.000596
23.500301	0.000309
23.625302	0.000883
23.750304	0.001410
23.875306	0.001600
24.000307	0.001905
24.125309	0.001639
24.250310	0.001254
24.375312	0.000102
24.500314	0.000898
24.625315	0.001231
24.750317	0.001130
24.875318	0.000712
25.000320	0.000555
25.125322	0.001033
25.250323	0.000875
25.375325	0.000322
25.500326	0.000920
25.625328	0.001539
25.750330	0.002081
25.875331	0.001964
26.000333	0.001717
26.125334	0.001367
26.250336	0.000928
26.375338	0.001115
26.500339	0.001673
26.625341	0.001730
26.750342	0.001436
26.875344	0.000717
27.000346	0.000506
27.125347	0.001335
27.250349	0.002049
27.375350	0.001981
27.500352	0.001906
27.625354	0.001002
27.750355	0.001144
27.875357	0.001401
28.000358	0.001752
28.125360	0.001782
28.250362	0.001722
28.375363	0.001812
28.500365	0.001824
28.625366	0.001295
28.750368	0.000849
28.875370	0.000653
29.000371	0.001419
29.125373	0.001713
29.250374	0.002012
29.375376	0.001695
29.500378	0.001375
29.625379	0.001290
29.750381	0.001142
29.875382	0.001045
30.000384	0.000559
30.125386	0.000119
30.250387	0.000558
30.375389	0.000496
30.500390	0.000463
30.625392	0.000478
30.750394	0.000364
30.875395	0.000581
31.000397	0.000768
31.125398	0.000844
31.250400	0.000784
31.375402	0.000404
31.500403	0.000284
31.625405	0.000675
31.750406	0.001037
31.875408	0.001278
32.000410	0.001070
32.125411	0.000959
32.250413	0.000573
32.375414	0.000992
32.500416	0.001371
32.625418	0.001362
32.750419	0.001426
32.875421	0.001040
33.000422	0.000524
33.125424	0.000276
33.250426	0.000432
33.375427	0.000549
33.500429	0.000601
33.625430	0.000680
33.750432	0.000704
33.875434	0.000923
34.000435	0.001072
34.125437	0.001173
34.250438	0.001160
34.375440	0.001360
34.500442	0.001234
34.625443	0.001178
34.750445	0.000880
34.875446	0.000632
35.000448	0.000459
35.125450	0.000595
35.250451	0.000857
35.375453	0.001063
35.500454	0.001030
35.625456	0.000820
35.750458	0.000853
35.875459	0.000963
36.000461	0.001152
36.125462	0.001282
36.250464	0.001158
36.375466	0.001096
36.500467	0.000778
36.625469	0.000602
36.750470	0.000477
36.875472	0.000799
37.000474	0.000670
37.125475	0.000891
37.250477	0.000424
37.375478	0.000155
37.500480	0.000459
37.625482	0.000852
37.750483	0.001037
37.875485	0.000936
38.000486	0.000708
38.125488	0.000355
38.250490	0.000457
38.375491	0.000449
38.500493	0.000623
38.625494	0.000781
38.750496	0.000673
38.875498	0.000820
39.000499	0.000754
39.125501	0.000552
39.250502	0.000484
39.375504	0.000631
39.500506	0.000670
39.625507	0.000737
39.750509	0.000799
39.875510	0.000917
40.000512	0.000630
40.125514	0.000608
40.250515	0.000697
40.375517	0.000723
40.500518	0.000956
40.625520	0.001398
40.750522	0.001577
40.875523	0.001917
41.000525	0.001737
41.125526	0.001209
41.250528	0.001163
41.375530	0.001179
41.500531	0.000852
41.625533	0.000366
41.750534	0.000426
41.875536	0.001244
42.000538	0.001614
42.125539	0.001934
42.250541	0.001607
42.375542	0.001206
42.500544	0.000926
42.625546	0.000780
42.750547	0.000895
42.875549	0.001245
43.000550	0.001275
43.125552	0.001013
43.250554	0.000749
43.375555	0.000162
43.500557	0.000627
43.625558	0.001344
43.750560	0.001426
43.875562	0.001174
44.000563	0.000934
44.125565	0.000640
44.250566	0.000188
44.375568	0.000209
44.500570	0.000594
44.625571	0.000518
44.750573	0.000377
44.875574	0.000503
45.000576	0.000717
45.125578	0.000957
45.250579	0.001256
45.375581	0.001170
45.500582	0.001019
45.625584	0.000704
45.750586	0.000614
45.875587	0.000752
46.000589	0.000899
46.125590	0.000490
46.250592	0.000189
46.375594	0.000052
46.500595	0.000262
46.625597	0.000583
46.750598	0.001278
46.875600	0.002027
47.000602	0.002322
47.125603	0.002470
47.250605	0.001967
47.375606	0.001122
47.500608	0.000814
47.625610	0.000459
47.750611	0.000988
47.875613	0.001345
48.000614	0.001461
48.125616	0.001475
48.250618	0.001284
48.375619	0.001100
48.500621	0.000950
48.625622	0.000783
48.750624	0.001072
48.875626	0.001190
49.000627	0.001218
49.125629	0.001339
49.250630	0.001135
49.375632	0.000630
49.500634	0.000222
49.625635	0.000689
49.750637	0.001211
49.875638	0.001039
50.000640	0.000878
50.125642	0.000484
50.250643	0.000222
50.375645	0.000085
50.500646	0.000162
50.625648	0.000267
50.750650	0.000232
50.875651	0.000428
51.000653	0.000751
51.125654	0.001253
51.250656	0.001474
51.375658	0.001488
51.500659	0.001311
51.625661	0.000833
51.750662	0.000297
51.875664	0.000178
52.000666	0.000295
52.125667	0.000274
52.250669	0.000135
52.375670	0.000169
52.500672	0.000108
52.625674	0.000200
52.750675	0.000739
52.875677	0.001278
53.000678	0.001592
53.125680	0.001651
53.250682	0.001675
53.375683	0.001317
53.500685	0.001179
53.625686	0.001259
53.750688	0.001237
53.875690	0.001466
54.000691	0.001274
54.125693	0.000833
54.250694	0.000836
54.375696	0.000632
54.500698	0.000803
54.625699	0.000766
54.750701	0.000850
54.875702	0.001033
55.000704	0.001249
55.125706	0.001217
55.250707	0.001152
55.375709	0.000723
55.500710	0.000303
55.625712	0.000495
55.750714	0.000287
55.875715	0.000418
56.000717	0.000328
56.125718	0.000139
56.250720	0.000070
56.375722	0.000018
56.500723	0.000168
56.625725	0.000124
56.750726	0.000147
56.875728	0.000492
57.000730	0.000957
57.125731	0.001193
57.250733	0.001176
57.375734	0.001017
57.500736	0.000674
57.625738	0.000366
57.750739	0.000354
57.875741	0.000062
58.000742	0.000080
58.125744	0.000186
58.250746	0.000276
58.375747	0.000392
58.500749	0.000297
58.625750	0.000539
58.750752	0.001037
58.875754	0.001248
59.000755	0.001418
59.125757	0.001013
59.250758	0.000675
59.375760	0.000574
59.500762	0.000722
59.625763	0.000803
59.750765	0.001080
59.875766	0.000992
60.000768	0.000806
60.125770	0.000898
60.250771	0.000576
60.375773	0.000375
60.500774	0.000440
60.625776	0.000383
60.750778	0.000759
60.875779	0.000778
61.000781	0.000885
61.125782	0.000844
61.250784	0.000924
61.375786	0.000724
61.500787	0.000864
61.625789	0.001209
61.750790	0.001089
61.875792	0.000918
62.000794	0.000636
62.125795	0.000405
62.250797	0.000081
62.375798	0.000082
62.500800	0.000230
62.625802	0.000136
62.750803	0.000253
62.875805	0.000510
63.000806	0.000709
63.125808	0.000716
63.250810	0.000463
63.375811	0.000466
63.500813	0.000849
63.625814	0.001105
63.750816	0.001246
63.875818	0.000924
64.000819	0.000470
64.125821	0.000269
64.250822	0.000581
64.375824	0.000762
64.500826	0.000723
64.625827	0.000323
64.750829	0.000583
64.875830	0.001169
65.000832	0.001354
65.125834	0.001127
65.250835	0.000997
65.375837	0.000328
65.500838	0.000451
65.625840	0.000566
65.750842	0.000708
65.875843	0.001092
66.000845	0.001333
66.125846	0.001166
66.250848	0.001091
66.375850	0.000756
66.500851	0.000549
66.625853	0.000646
66.750854	0.000556
66.875856	0.000790
67.000858	0.000698
67.125859	0.000598
67.250861	0.000671
67.375862	0.000587
67.500864	0.001102
67.625866	0.001409
67.750867	0.001449
67.875869	0.001318
68.000870	0.000866
68.125872	0.000599
68.250874	0.000440
68.375875	0.000272
68.500877	0.000377
68.625878	0.000622
68.750880	0.000729
68.875882	0.000557
69.000883	0.000495
69.125885	0.000153
69.250886	0.000369
69.375888	0.000820
69.500890	0.001218
69.625891	0.001339
69.750893	0.001162
69.875894	0.000771
70.000896	0.000427
70.125898	0.000123
70.250899	0.000421
70.375901	0.000774
70.500902	0.001050
70.625904	0.001042
70.750906	0.000648
70.875907	0.000288
71.000909	0.000379
71.125910	0.000616
71.250912	0.000671
71.375914	0.000688
71.500915	0.000785
71.625917	0.001060
71.750918	0.001209
71.875920	0.001191
72.000922	0.001094
72.125923	0.000795
72.250925	0.000834
72.375926	0.000866
72.500928	0.000876
72.625930	0.000587
72.750931	0.000529
72.875933	0.000316
73.000934	0.000145
73.125936	0.000283
73.250938	0.000283
73.375939	0.000824
73.500941	0.001239
73.625942	0.001486
73.750944	0.001397
73.875946	0.001221
74.000947	0.000801
74.125949	0.000408
74.250950	0.000450
74.375952	0.000540
74.500954	0.000494
74.625955	0.000709
74.750957	0.000768
74.875958	0.000830
75.000960	0.000755
75.125962	0.000666
75.250963	0.000722
75.375965	0.001097
75.500966	0.001157
75.625968	0.001151
75.750970	0.000995
75.875971	0.000607
76.000973	0.000369
76.125974	0.000655
76.250976	0.000700
76.375978	0.000722
76.500979	0.000782
76.625981	0.000697
76.750982	0.000802
76.875984	0.000803
77.000986	0.000642
77.125987	0.000410
77.250989	0.000198
77.375990	0.000571
77.500992	0.001322
77.625994	0.001437
77.750995	0.001421
77.875997	0.001411
78.000998	0.000842
78.126000	0.000564
78.251002	0.000389
78.376003	0.000329
78.501005	0.000290
78.626006	0.000162
78.751008	0.000063
78.876010	0.000288
79.001011	0.000606
79.126013	0.000683
79.251014	0.000598
79.376016	0.000566
79.501018	0.001155
79.626019	0.001338
79.751021	0.001221
79.876022	0.000996
80.001024	0.000398
80.126026	0.000331
80.251027	0.000656
80.376029	0.000865
80.501030	0.000835
80.626032	0.000742
80.751034	0.000698
80.876035	0.000833
81.001037	0.000982
81.126038	0.001260
81.251040	0.001495
81.376042	0.001445
81.501043	0.001190
81.626045	0.000902
81.751046	0.000324
81.876048	0.000071
82.001050	0.000171
82.126051	0.000556
82.251053	0.000515
82.376054	0.000587
82.501056	0.000670
82.626058	0.000834
82.751059	0.000976
82.876061	0.001169
83.001062	0.001152
83.126064	0.000915
83.251066	0.000615
83.376067	0.000889
83.501069	0.001185
83.626070	0.001377
83.751072	0.001116
83.876074	0.000977
84.001075	0.000531
84.126077	0.000529
84.251078	0.000529
84.376080	0.000348
84.501082	0.000327
84.626083	0.000230
84.751085	0.000651
84.876086	0.000772
85.001088	0.001081
85.126090	0.001179
85.251091	0.000882
85.376093	0.000530
85.501094	0.000519
85.626096	0.001009
85.751098	0.001063
85.876099	0.000880
86.001101	0.000664
86.126102	0.000314
86.251104	0.000470
86.376106	0.000502
86.501107	0.000643
86.626109	0.000542
86.751110	0.000574
86.876112	0.000950
87.001114	0.001184
87.126115	0.001511
87.251117	0.001709
87.376118	0.001741
87.501120	0.001593
87.626122	0.001202
87.751123	0.000743
87.876125	0.000390
88.001126	0.000200
88.126128	0.000279
88.251130	0.000209
88.376131	0.000021
88.501133	0.000289
88.626134	0.000532
88.751136	0.000996
88.876138	0.001390
89.001139	0.001363
89.126141	0.001117
89.251142	0.000790
89.376144	0.000720
89.501146	0.000906
89.626147	0.000795
89.751149	0.000751
89.876150	0.000461
90.001152	0.000684
90.126154	0.000789
90.251155	0.000687
90.376157	0.000528
90.501158	0.000222
90.626160	0.000161
90.751162	0.000550
90.876163	0.000972
91.001165	0.001087
91.126166	0.001089
91.251168	0.000968
91.376170	0.000455
91.501171	0.000116
91.626173	0.000490
91.751174	0.000755
91.876176	0.000744
92.001178	0.000494
92.126179	0.000159
92.251181	0.000279
92.376182	0.000527
92.501184	0.000402
92.626186	0.000440
92.751187	0.000449
92.876189	0.000805
93.001190	0.000919
93.126192	0.000895
93.251194	0.000902
93.376195	0.001060
93.501197	0.001118
93.626198	0.001243
93.751200	0.001027
93.876202	0.000726
94.001203	0.000368
94.126205	0.000277
94.251206	0.000187
94.376208	0.000088
94.501210	0.000356
94.626211	0.000585
94.751213	0.000648
94.876214	0.000675
95.001216	0.000776
95.126218	0.000802
95.251219	0.000821
95.376221	0.000664
95.501222	0.000447
95.626224	0.000655
95.751226	0.000685
95.876227	0.000634
96.001229	0.000692
96.126230	0.000832
96.251232	0.000766
96.376234	0.000635
96.501235	0.000545
96.626237	0.000243
96.751238	0.000516
96.876240	0.000624
97.001242	0.000890
97.126243	0.000786
97.251245	0.000730
97.376246	0.000686
97.501248	0.000672
97.626250	0.000802
97.751251	0.000906
97.876253	0.000806
98.001254	0.000624
98.126256	0.000381
98.251258	0.000612
98.376259	0.000624
98.501261	0.000657
98.626262	0.000461
98.751264	0.000452
98.876266	0.000455
99.001267	0.000258
99.126269	0.000255
99.251270	0.000133
99.376272	0.000086
99.501274	0.000294
99.626275	0.000483
99.751277	0.000692
99.876278	0.001001
100.001280	0.001163
100.126282	0.001077
100.251283	0.000780
100.376285	0.000482
100.501286	0.000146
100.626288	0.000198
100.751290	0.000464
100.876291	0.000422
101.001293	0.000139
101.126294	0.000233
101.251296	0.000231
101.376298	0.000505
101.501299	0.000977
101.626301	0.001331
101.751302	0.001345
101.876304	0.001316
102.001306	0.000839
102.126307	0.000604
102.251309	0.000408
102.376310	0.000590
102.501312	0.000418
102.626314	0.000711
102.751315	0.000513
102.876317	0.000703
103.001318	0.000747
103.126320	0.000563
103.251322	0.000672
103.376323	0.000567
103.501325	0.000956
103.626326	0.000968
103.751328	0.001286
103.876330	0.001227
104.001331	0.001062
104.126333	0.001003
104.251334	0.000765
104.376336	0.000685
104.501338	0.000723
104.626339	0.000879
104.751341	0.000675
104.876342	0.000480
105.001344	0.000460
105.126346	0.000412
105.251347	0.000442
105.376349	0.000426
105.501350	0.000435
105.626352	0.000195
105.751354	0.000425
105.876355	0.000859
106.001357	0.001284
106.126358	0.001211
106.251360	0.001145
106.376362	0.000859
106.501363	0.000520
106.626365	0.000293
106.751366	0.000379
106.876368	0.000158
107.001370	0.000129
107.126371	0.000271
107.251373	0.000636
107.376374	0.000873
107.501376	0.001219
107.626378	0.001552
107.751379	0.001234
107.876381	0.001177
108.001382	0.000778
108.126384	0.000200
108.251386	0.000066
108.376387	0.000216
108.501389	0.000185
108.626390	0.000269
108.751392	0.000529
108.876394	0.000644
109.001395	0.000733
109.126397	0.000609
109.251398	0.000616
109.376400	0.000940
109.501402	0.000896
109.626403	0.001005
109.751405	0.001080
109.876406	0.000835
110.001408	0.000963
110.126410	0.000767
110.251411	0.000712
110.376413	0.000736
110.501414	0.000915
110.626416	0.000921
110.751418	0.000823
110.876419	0.000582
111.001421	0.000239
111.126422	0.000265
111.251424	0.000382
111.376426	0.000705
111.501427	0.000509
111.626429	0.000332
111.751430	0.000471
111.876432	0.000915
112.001434	0.001016
112.126435	0.001381
112.251437	0.001189
112.376438	0.001057
112.501440	0.000667
112.626442	0.000603
112.751443	0.000473
112.876445	0.000422
113.001446	0.000261
113.126448	0.000262
113.251450	0.000752
113.376451	0.001312
113.501453	0.001636
113.626454	0.001429
113.751456	0.001261
113.876458	0.000780
114.001459	0.000374
114.126461	0.000291
114.251462	0.000166
114.376464	0.000352
114.501466	0.000365
114.626467	0.000074
114.751469	0.000151
114.876470	0.000379
115.001472	0.000366
115.126474	0.000333
115.251475	0.000539
115.376477	0.000746
115.501478	0.001029
115.626480	0.001147
115.751482	0.000995
115.876483	0.000989
116.001485	0.000677
116.126486	0.000489
116.251488	0.000250
116.376490	0.000279
116.501491	0.000417
116.626493	0.000607
116.751494	0.000493
116.876496	0.000339
117.001498	0.000365
117.126499	0.000460
117.251501	0.000650
117.376502	0.000666
117.501504	0.000705
117.626506	0.000732
117.751507	0.000506
117.876509	0.000591
118.001510	0.000883
118.126512	0.000941
118.251514	0.000938
118.376515	0.000796
118.501517	0.000584
118.626518	0.000659
118.751520	0.000597
118.876522	0.000455
119.001523	0.000179
119.126525	0.000535
119.251526	0.001043
119.376528	0.001232
119.501530	0.001445
119.626531	0.001431
119.751533	0.001083
119.876534	0.000834
120.001536	0.000531
120.126538	0.000235
120.251539	0.000335
120.376541	0.000415
120.501542	0.000526
120.626544	0.000359
120.751546	0.000114
120.876547	0.000327
121.001549	0.000218
121.126550	0.000581
121.251552	0.000523
121.376554	0.000756
121.501555	0.000892
121.626557	0.001223
121.751558	0.001373
121.876560	0.001255
122.001562	0.001170
122.126563	0.001222
122.251565	0.000954
122.376566	0.000648
122.501568	0.000472
122.626570	0.000523
122.751571	0.000591
122.876573	0.000916
123.001574	0.001041
123.126576	0.001198
123.251578	0.001023
123.376579	0.000972
123.501581	0.000630
123.626582	0.000497
123.751584	0.000606
123.876586	0.000509
124.001587	0.000379
124.126589	0.000459
124.251590	0.000402
124.376592	0.000474
124.501594	0.000369
124.626595	0.000690
124.751597	0.000633
124.876598	0.000404
125.001600	0.000313
125.126602	0.000584
125.251603	0.000829
125.376605	0.000982
125.501606	0.001188
125.626608	0.001140
125.751610	0.000977
125.876611	0.000869
126.001613	0.000740
126.126614	0.000756
126.251616	0.000680
126.376618	0.000781
126.501619	0.000706
126.626621	0.000597
126.751622	0.000379
126.876624	0.000293
127.001626	0.000049
127.126627	0.000297
127.251629	0.000644
127.376630	0.000978
127.501632	0.001104
127.626634	0.001170
127.751635	0.001097
127.876637	0.001235
128.001638	0.001314
128.126640	0.001168
128.251642	0.001329
128.376643	0.001307
128.501645	0.001301
128.626646	0.001263
128.751648	0.001166
128.876650	0.001097
129.001651	0.001168
129.126653	0.001256
129.251654	0.001185
129.376656	0.000983
129.501658	0.000721
129.626659	0.000223
129.751661	0.000311
129.876662	0.000193
130.001664	0.000303
130.126666	0.000215
130.251667	0.000054
130.376669	0.000296
130.501670	0.000420
130.626672	0.000629
130.751674	0.000801
130.876675	0.000729
131.001677	0.000779
131.126678	0.000584
131.251680	0.000367
131.376682	0.000266
131.501683	0.000376
131.626685	0.000527
131.751686	0.000702
131.876688	0.000776
132.001690	0.001127
132.126691	0.001100
132.251693	0.001114
132.376694	0.000876
132.501696	0.000680
132.626698	0.000732
132.751699	0.000767
132.876701	0.000546
133.001702	0.000606
133.126704	0.000595
133.251706	0.000756
133.376707	0.000971
133.501709	0.001123
133.626710	0.001036
133.751712	0.001023
133.876714	0.000797
134.001715	0.000873
134.126717	0.001031
134.251718	0.001197
134.376720	0.001450
134.501722	0.001516
134.626723	0.001600
134.751725	0.001626
134.876726	0.001517
135.001728	0.001330
135.126730	0.001176
135.251731	0.000932
135.376733	0.000825
135.501734	0.001027
135.626736	0.001163
135.751738	0.001117
135.876739	0.001071
136.001741	0.000833
136.126742	0.000673
136.251744	0.000396
136.376746	0.000176
136.501747	0.000346
136.626749	0.000503
136.751750	0.000917
136.876752	0.001073
137.001754	0.000955
137.126755	0.000837
137.251757	0.000316
137.376758	0.000419
137.501760	0.000253
137.626762	0.000198
137.751763	0.000375
137.876765	0.000902
138.001766	0.001198
138.126768	0.001483
138.251770	0.001083
138.376771	0.000825
138.501773	0.000498
138.626774	0.000553
138.751776	0.000622
138.876778	0.000589
139.001779	0.000644
139.126781	0.000738
139.251782	0.001000
139.376784	0.000986
139.501786	0.000694
139.626787	0.000698
139.751789	0.000643
139.876790	0.000337
140.001792	0.000630
140.126794	0.000911
140.251795	0.001230
140.376797	0.001494
140.501798	0.001753
140.626800	0.001587
140.751802	0.001580
140.876803	0.001569
141.001805	0.001539
141.126806	0.001414
141.251808	0.001384
141.376810	0.001572
141.501811	0.001743
141.626813	0.001895
141.751814	0.001903
141.876816	0.001962
142.001818	0.001624
142.126819	0.001334
142.251821	0.000822
142.376822	0.000585
142.501824	0.000609
142.626826	0.000648
142.751827	0.001004
142.876829	0.000949
143.001830	0.000970
143.126832	0.000722
143.251834	0.000584
143.376835	0.000710
143.501837	0.000584
143.626838	0.000330
143.751840	0.000287
143.876842	0.000785
144.001843	0.001324
144.126845	0.001372
144.251846	0.001280
144.376848	0.001034
144.501850	0.000565
144.626851	0.000338
144.751853	0.000308
144.876854	0.000290
145.001856	0.000452
145.126858	0.000613
145.251859	0.000711
145.376861	0.000898
145.501862	0.000694
145.626864	0.000495
145.751866	0.000513
145.876867	0.000344
146.001869	0.000677
146.126870	0.001135
146.251872	0.001079
146.376874	0.001439
146.501875	0.001608
146.626877	0.001608
146.751878	0.001616
146.876880	0.001714
147.001882	0.001774
147.126883	0.001739
147.251885	0.001890
147.376886	0.002002
147.501888	0.002179
147.626890	0.002315
147.751891	0.002446
147.876893	0.002154
148.001894	0.002133
148.126896	0.001708
148.251898	0.001387
148.376899	0.001192
148.501901	0.000830
148.626902	0.000873
148.751904	0.000908
148.876906	0.000755
149.001907	0.000864
149.126909	0.000695
149.251910	0.000800
149.376912	0.000952
149.501914	0.000646
149.626915	0.000513
149.751917	0.000665
149.876918	0.000875
150.001920	0.001028
150.126922	0.001263
150.251923	0.001023
150.376925	0.000921
150.501926	0.000814
150.626928	0.000487
150.751930	0.000476
150.876931	0.000438
151.001933	0.000470
151.126934	0.000433
151.251936	0.000531
151.376938	0.000357
151.501939	0.000570
151.626941	0.000692
151.751942	0.000602
151.876944	0.000903
152.001946	0.000967
152.126947	0.001042
152.251949	0.001264
152.376950	0.001419
152.501952	0.001460
152.626954	0.001551
152.751955	0.001717
152.876957	0.001741
153.001958	0.001866
153.126960	0.001867
153.251962	0.001912
153.376963	0.002002
153.501965	0.001948
153.626966	0.001947
153.751968	0.001957
153.876970	0.001808
154.001971	0.001628
154.126973	0.001809
154.251974	0.001795
154.376976	0.001604
154.501978	0.001410
154.626979	0.001092
154.751981	0.000667
154.876982	0.000400
155.001984	0.000519
155.126986	0.000755
155.251987	0.000886
155.376989	0.000988
155.501990	0.001068
155.626992	0.001024
155.751994	0.001187
155.876995	0.001197
156.001997	0.001036
156.126998	0.000811
156.252000	0.000771
156.377002	0.000773
156.502003	0.000675
156.627005	0.000704
156.752006	0.000659
156.877008	0.000824
157.002010	0.000678
157.127011	0.000526
157.252013	0.000129
157.377014	0.000398
157.502016	0.000843
157.627018	0.001086
157.752019	0.001120
157.877021	0.001156
158.002022	0.001181
158.127024	0.001195
158.252026	0.001037
158.377027	0.001232
158.502029	0.001318
158.627030	0.001306
158.752032	0.001634
158.877034	0.001618
159.002035	0.001537
159.127037	0.001628
159.252038	0.001605
159.377040	0.001599
159.502042	0.001525
159.627043	0.001362
159.752045	0.001124
159.877046	0.001099
160.002048	0.001088
160.127050	0.001182
160.252051	0.001341
160.377053	0.001249
160.502054	0.001298
160.627056	0.001183
160.752058	0.000729
160.877059	0.000376
161.002061	0.000565
161.127062	0.000709
161.252064	0.000984
161.377066	0.001331
161.502067	0.001460
161.627069	0.001522
161.752070	0.001538
161.877072	0.001118
162.002074	0.000723
162.127075	0.000473
162.252077	0.000318
162.377078	0.000367
162.502080	0.000435
162.627082	0.000445
162.752083	0.000711
162.877085	0.000753
163.002086	0.000626
163.127088	0.000276
163.252090	0.000058
163.377091	0.000480
163.502093	0.000746
163.627094	0.000915
163.752096	0.001011
163.877098	0.001040
164.002099	0.000925
164.127101	0.000969
164.252102	0.000807
164.377104	0.000943
164.502106	0.000961
164.627107	0.001208
164.752109	0.001312
164.877110	0.001450
165.002112	0.001517
165.127114	0.001556
165.252115	0.001343
165.377117	0.001391
165.502118	0.001119
165.627120	0.000716
165.752122	0.000563
165.877123	0.000692
166.002125	0.000988
166.127126	0.000763
166.252128	0.000633
166.377130	0.000481
166.502131	0.000469
166.627133	0.000540
166.752134	0.000542
166.877136	0.000517
167.002138	0.000834
167.127139	0.001004
167.252141	0.001146
167.377142	0.001207
167.502144	0.001623
167.627146	0.001519
167.752147	0.001501
167.877149	0.001293
168.002150	0.000825
168.127152	0.000613
168.252154	0.000418
168.377155	0.000351
168.502157	0.000363
168.627158	0.000582
168.752160	0.000638
168.877162	0.000709
169.002163	0.000722
169.127165	0.000477
169.252166	0.000140
169.377168	0.000192
169.502170	0.000581
169.627171	0.000673
169.752173	0.000496
169.877174	0.000373
170.002176	0.000275
170.127178	0.000303
170.252179	0.000488
170.377181	0.000688
170.502182	0.000796
170.627184	0.000896
170.752186	0.001257
170.877187	0.001330
171.002189	0.001339
171.127190	0.001393
171.252192	0.001427
171.377194	0.001303
171.502195	0.001090
171.627197	0.000792
171.752198	0.000620
171.877200	0.000511
172.002202	0.000518
172.127203	0.000460
172.252205	0.000496
172.377206	0.000468
172.502208	0.000454
172.627210	0.000196
172.752211	0.000507
172.877213	0.000694
173.002214	0.000844
173.127216	0.001104
173.252218	0.001301
173.377219	0.001316
173.502221	0.001320
173.627222	0.001203
173.752224	0.001191
173.877226	0.000935
174.002227	0.000795
174.127229	0.000654
174.252230	0.000564
174.377232	0.000658
174.502234	0.000749
174.627235	0.000591
174.752237	0.000715
174.877238	0.000692
175.002240	0.000415
175.127242	0.000445
175.252243	0.000482
175.377245	0.000483
175.502246	0.000374
175.627248	0.000199
175.752250	0.000467
175.877251	0.000523
176.002253	0.000779
176.127254	0.000541
176.252256	0.000304
176.377258	0.000223
176.502259	0.000531
176.627261	0.000790
176.752262	0.001012
176.877264	0.001143
177.002266	0.001055
177.127267	0.000924
177.252269	0.000890
177.377270	0.001113
177.502272	0.001227
177.627274	0.001231
177.752275	0.001209
177.877277	0.000735
178.002278	0.000302
178.127280	0.000176
178.252282	0.000548
178.377283	0.000571
178.502285	0.000622
178.627286	0.000405
178.752288	0.000422
178.877290	0.000663
179.002291	0.000835
179.127293	0.000827
179.252294	0.000895
179.377296	0.000830
179.502298	0.000776
179.627299	0.000837
179.752301	0.000993
179.877302	0.000812
180.002304	0.000666
180.127306	0.000488
180.252307	0.000517
180.377309	0.000666
180.502310	0.000896
180.627312	0.000801
180.752314	0.000593
180.877315	0.000305
181.002317	0.000293
181.127318	0.000465
181.252320	0.000676
181.377322	0.000772
181.502323	0.000855
181.627325	0.000737
181.752326	0.000756
181.877328	0.000942
182.002330	0.000970
182.127331	0.000997
182.252333	0.000722
182.377334	0.000382
182.502336	0.000381
182.627338	0.000534
182.752339	0.000873
182.877341	0.000827
183.002342	0.000669
183.127344	0.000489
183.252346	0.000476
183.377347	0.000910
183.502349	0.001296
183.627350	0.001360
183.752352	0.001289
183.877354	0.000847
184.002355	0.000435
184.127357	0.000351
184.252358	0.000490
184.377360	0.000445
184.502362	0.000153
184.627363	0.000223
184.752365	0.000223
184.877366	0.000542
185.002368	0.000675
185.127370	0.000767
185.252371	0.000404
185.377373	0.000250
185.502374	0.000476
185.627376	0.001002
185.752378	0.001102
185.877379	0.001065
186.002381	0.000999
186.127382	0.000461
186.252384	0.000127
186.377386	0.000288
186.502387	0.000469
186.627389	0.000466
186.752390	0.000404
186.877392	0.000236
187.002394	0.000252
187.127395	0.000503
187.252397	0.000574
187.377398	0.000659
187.502400	0.000812
187.627402	0.000742
187.752403	0.000704
187.877405	0.000698
188.002406	0.000820
188.127408	0.000689
188.252410	0.000677
188.377411	0.000484
188.502413	0.000485
188.627414	0.000611
188.752416	0.000796
188.877418	0.000954
189.002419	0.000704
189.127421	0.000320
189.252422	0.000140
189.377424	0.000630
189.502426	0.000878
189.627427	0.000984
189.752429	0.001016
189.877430	0.000623
190.002432	0.000498
190.127434	0.000651
190.252435	0.000695
190.377437	0.000629
190.502438	0.000529
190.627440	0.000482
190.752442	0.000560
190.877443	0.000727
191.002445	0.000689
191.127446	0.000565
191.252448	0.000287
191.377450	0.000190
191.502451	0.000728
191.627453	0.000995
191.752454	0.001204
191.877456	0.001068
192.002458	0.000967
192.127459	0.000639
192.252461	0.000419
192.377462	0.000259
192.502464	0.000107
192.627466	0.000044
192.752467	0.000341
192.877469	0.000406
193.002470	0.000555
193.127472	0.000466
193.252474	0.000422
193.377475	0.000231
193.502477	0.000595
193.627478	0.000676
193.752480	0.000648
193.877482	0.000608
194.002483	0.000437
194.127485	0.000353
194.252486	0.000487
194.377488	0.000460
194.502490	0.000707
194.627491	0.000589
194.752493	0.000708
194.877494	0.000605
195.002496	0.000435
195.127498	0.000299
195.252499	0.000039
195.377501	0.000199
195.502502	0.000351
195.627504	0.000252
195.752506	0.000061
195.877507	0.000146
196.002509	0.000492
196.127510	0.000556
196.252512	0.000785
196.377514	0.000717
196.502515	0.000980
196.627517	0.001017
196.752518	0.000803
196.877520	0.000820
197.002522	0.000575
197.127523	0.000115
197.252525	0.000172
197.377526	0.000458
197.502528	0.000610
197.627530	0.000752
197.752531	0.000505
197.877533	0.000781
198.002534	0.000441
198.127536	0.000516
198.252538	0.000550
198.377539	0.000539
198.502541	0.000336
198.627542	0.000210
198.752544	0.000399
198.877546	0.000469
199.002547	0.000597
199.127549	0.000594
199.252550	0.000541
199.377552	0.000556
199.502554	0.000793
199.627555	0.000940
199.752557	0.000834
199.877558	0.000479
200.002560	0.000596
200.127562	0.000420
200.252563	0.000406
200.377565	0.000829
200.502566	0.000874
200.627568	0.000969
200.752570	0.001004
200.877571	0.000736
201.002573	0.000280
201.127574	0.000178
201.252576	0.000299
201.377578	0.000417
201.502579	0.000232
201.627581	0.000371
201.752582	0.000542
201.877584	0.000641
202.002586	0.000469
202.127587	0.000682
202.252589	0.000796
202.377590	0.000900
202.502592	0.000974
202.627594	0.000809
202.752595	0.000862
202.877597	0.000679
203.002598	0.000433
203.127600	0.000344
203.252602	0.000525
203.377603	0.000590
203.502605	0.000603
203.627606	0.000207
203.752608	0.000139
203.877610	0.000380
204.002611	0.000411
204.127613	0.000230
204.252614	0.000164
204.377616	0.000324
204.502618	0.000493
204.627619	0.000352
204.752621	0.000350
204.877622	0.000534
205.002624	0.000594
205.127626	0.000574
205.252627	0.000615
205.377629	0.000851
205.502630	0.000887
205.627632	0.001020
205.752634	0.000855
205.877635	0.000856
206.002637	0.000701
206.127638	0.000711
206.252640	0.000877
206.377642	0.000920
206.502643	0.001075
206.627645	0.001197
206.752646	0.000964
206.877648	0.001034
207.002650	0.000830
207.127651	0.000531
207.252653	0.000308
207.377654	0.000020
207.502656	0.000355
207.627658	0.000681
207.752659	0.000821
207.877661	0.000653
208.002662	0.000555
208.127664	0.000404
208.252666	0.000721
208.377667	0.000861
208.502669	0.000884
208.627670	0.000801
208.752672	0.000429
208.877674	0.000455
209.002675	0.000676
209.127677	0.000537
209.252678	0.000431
209.377680	0.000485
209.502682	0.000304
209.627683	0.000335
209.752685	0.000373
209.877686	0.000302
210.002688	0.000246
210.127690	0.000271
210.252691	0.000328
210.377693	0.000550
210.502694	0.000368
210.627696	0.000489
210.752698	0.000524
210.877699	0.000322
211.002701	0.000151
211.127702	0.000506
211.252704	0.000789
211.377706	0.000843
211.502707	0.001008
211.627709	0.000907
211.752710	0.000825
211.877712	0.000851
212.002714	0.000871
212.127715	0.000973
212.252717	0.001054
212.377718	0.001231
212.502720	0.001045
212.627722	0.001045
212.752723	0.000916
212.877725	0.000783
213.002726	0.000730
213.127728	0.000767
213.252730	0.000696
213.377731	0.000724
213.502733	0.000852
213.627734	0.000907
213.752736	0.000797
213.877738	0.000494
214.002739	0.000353
214.127741	0.000539
214.252742	0.000448
214.377744	0.000449
214.502746	0.000536
214.627747	0.000265
214.752749	0.000218
214.877750	0.000274
215.002752	0.000447
215.127754	0.000331
215.252755	0.000180
215.377757	0.000188
215.502758	0.000076
215.627760	0.000288
215.752762	0.000314
215.877763	0.000395
216.002765	0.000398
216.127766	0.000608
216.252768	0.000728
216.377770	0.000649
216.502771	0.000625
216.627773	0.000276
216.752774	0.000292
216.877776	0.000158
217.002778	0.000061
217.127779	0.000438
217.252781	0.000619
217.377782	0.000704
217.502784	0.000744
217.627786	0.000824
217.752787	0.000788
217.877789	0.001033
218.002790	0.001000
218.127792	0.001042
218.252794	0.001182
218.377795	0.001207
218.502797	0.001240
218.627798	0.001004
218.752800	0.001023
218.877802	0.000826
219.002803	0.000775
219.127805	0.001003
219.252806	0.001290
219.377808	0.001360
219.502810	0.001299
219.627811	0.001010
219.752813	0.000636
219.877814	0.000524
220.002816	0.000554
220.127818	0.000646
220.252819	0.000592
220.377821	0.000333
220.502822	0.000135
220.627824	0.000167
220.752826	0.000338
220.877827	0.000242
221.002829	0.000114
221.127830	0.000047
221.252832	0.000225
221.377834	0.000382
221.502835	0.000400
221.627837	0.000379
221.752838	0.000097
221.877840	0.000371
222.002842	0.000582
222.127843	0.000710
222.252845	0.000743
222.377846	0.000769
222.502848	0.000450
222.627850	0.000329
222.752851	0.000243
222.877853	0.000213
223.002854	0.000308
223.127856	0.000266
223.252858	0.000411
223.377859	0.000240
223.502861	0.000351
223.627862	0.000403
223.752864	0.000899
223.877866	0.001009
224.002867	0.001140
224.127869	0.001173
224.252870	0.001116
224.377872	0.001115
224.502874	0.000942
224.627875	0.001229
224.752877	0.001326
224.877878	0.001298
225.002880	0.001284
225.127882	0.001316
225.252883	0.001373
225.377885	0.001406
225.502886	0.001182
225.627888	0.000871
225.752890	0.000491
225.877891	0.000633
226.002893	0.000659
226.127894	0.000822
226.252896	0.000664
226.377898	0.000451
226.502899	0.000263
226.627901	0.000295
226.752902	0.000500
226.877904	0.000374
227.002906	0.000386
227.127907	0.000381
227.252909	0.000275
227.377910	0.000507
227.502912	0.000419
227.627914	0.000237
227.752915	0.000138
227.877917	0.000587
228.002918	0.000705
228.127920	0.000917
228.252922	0.000865
228.377923	0.000799
228.502925	0.000783
228.627926	0.000601
228.752928	0.000645
228.877930	0.000628
229.002931	0.000690
229.127933	0.000759
229.252934	0.000640
229.377936	0.000488
229.502938	0.000339
229.627939	0.000345
229.752941	0.000649
229.877942	0.001139
230.002944	0.001154
230.127946	0.001266
230.252947	0.001173
230.377949	0.000914
230.502950	0.001006
230.627952	0.000917
230.752954	0.001149
230.877955	0.001309
231.002957	0.001343
231.127958	0.001283
231.252960	0.001020
231.377962	0.000822
231.502963	0.000754
231.627965	0.000492
231.752966	0.000466
231.877968	0.000435
232.002970	0.000718
232.127971	0.000831
232.252973	0.000725
232.377974	0.000556
232.502976	0.000615
232.627978	0.000540
232.752979	0.000677
232.877981	0.000625
233.002982	0.000552
233.127984	0.000507
233.252986	0.000427
233.377987	0.000074
233.502989	0.000149
233.627990	0.000095
233.752992	0.000448
233.877994	0.000623
234.002995	0.000787
234.127997	0.000908
234.252998	0.000948
234.378000	0.000907
234.503002	0.000969
234.628003	0.001097
234.753005	0.001249
234.878006	0.001138
235.003008	0.001169
235.128010	0.000945
235.253011	0.000874
235.378013	0.000654
235.503014	0.000538
235.628016	0.000246
235.753018	0.000242
235.878019	0.000565
236.003021	0.000746
236.128022	0.001003
236.253024	0.001086
236.378026	0.001078
236.503027	0.001048
236.628029	0.001069
236.753030	0.000965
236.878032	0.000856
237.003034	0.001157
237.128035	0.000953
237.253037	0.000822
237.378038	0.000664
237.503040	0.000437
237.628042	0.000633
237.753043	0.000381
237.878045	0.000455
238.003046	0.000349
238.128048	0.000259
238.253050	0.000247
238.378051	0.000588
238.503053	0.000809
238.628054	0.000900
238.753056	0.000954
238.878058	0.000681
239.003059	0.000613
239.128061	0.000343
239.253062	0.000116
239.378064	0.000213
239.503066	0.000311
239.628067	0.000453
239.753069	0.000620
239.878070	0.000608
240.003072	0.000572
240.128074	0.000809
240.253075	0.001021
240.378077	0.001124
240.503078	0.001279
240.628080	0.001380
240.753082	0.001528
240.878083	0.001448
241.003085	0.001313
241.128086	0.000970
241.253088	0.000524
241.378090	0.000287
241.503091	0.000256
241.628093	0.000296
241.753094	0.000125
241.878096	0.000101
242.003098	0.000111
242.128099	0.000394
242.253101	0.000717
242.378102	0.000851
242.503104	0.001085
242.628106	0.000918
242.753107	0.000906
242.878109	0.000910
243.003110	0.000825
243.128112	0.000747
243.253114	0.000344
243.378115	0.000362
243.503117	0.000688
243.628118	0.000760
243.753120	0.000842
243.878122	0.000495
244.003123	0.000037
244.128125	0.000198
244.253126	0.000447
244.378128	0.000307
244.503130	0.000407
244.628131	0.000658
244.753133	0.000838
244.878134	0.000845
245.003136	0.000336
245.128138	0.000304
245.253139	0.000512
245.378141	0.000821
245.503142	0.000837
245.628144	0.000659
245.753146	0.000488
245.878147	0.000427
246.003149	0.000478
246.128150	0.000685
246.253152	0.000892
246.378154	0.001228
246.503155	0.001397
246.628157	0.001472
246.753158	0.001215
246.878160	0.001112
247.003162	0.000954
247.128163	0.000886
247.253165	0.000534
247.378166	0.000437
247.503168	0.000409
247.628170	0.000380
247.753171	0.000314
247.878173	0.000445
248.003174	0.000578
248.128176	0.000626
248.253178	0.000406
248.378179	0.000406
248.503181	0.000507
248.628182	0.000478
248.753184	0.000451
248.878186	0.000560
249.003187	0.000558
249.128189	0.000318
249.253190	0.000193
249.378192	0.000433
249.503194	0.000598
249.628195	0.000612
249.753197	0.000413
249.878198	0.000219
250.003200	0.000113
250.128202	0.000268
250.253203	0.000213
250.378205	0.000231
250.503206	0.000240
250.628208	0.000450
250.753210	0.000634
250.878211	0.000499
251.003213	0.000277
251.128214	0.000201
251.253216	0.000520
251.378218	0.001038
251.503219	0.000881
251.628221	0.000984
251.753222	0.000634
251.878224	0.000316
252.003226	0.000399
252.128227	0.000452
252.253229	0.000732
252.378230	0.001074
252.503232	0.001142
252.628234	0.001176
252.753235	0.001057
252.878237	0.000794
253.003238	0.000677
253.128240	0.000600
253.253242	0.000583
253.378243	0.000829
253.503245	0.000844
253.628246	0.000752
253.753248	0.000593
253.878250	0.000543
254.003251	0.000613
254.128253	0.000683
254.253254	0.000695
254.378256	0.000613
254.503258	0.000441
254.628259	0.000344
254.753261	0.000241
254.878262	0.000193
255.003264	0.000249
255.128266	0.000420
255.253267	0.000418
255.378269	0.000459
255.503270	0.000382
255.628272	0.000225
255.753274	0.000082
255.878275	0.000066
